126.7744292883221249, 37.2439205175277905
126.7744291358222313, 37.2439260842140527
126.7744290913032046, 37.2439275974303996
126.7744288392418497, 37.2439315670810416
126.7744286127567364, 37.2439350505525653
126.7744285120329977, 37.2439361751864482
126.7744277292975710, 37.2439443886276607
126.7744277292975710, 37.2439443886276607
126.7744273351644893, 37.2439501220025164
126.7744273351644893, 37.2439501220025164
126.7744270593730249, 37.2439537487424417
126.7744270593730249, 37.2439537487424417
126.7744267593387519, 37.2439585826643977
126.7744267593387519, 37.2439585826643977
126.7744257424495942, 37.2439720728652190
126.7744257424495942, 37.2439720728652190
126.7744251134704285, 37.2439804243809220
126.7744251134704285, 37.2439804243809220
126.7744249731169219, 37.2439817465385090
126.7744249731169219, 37.2439817465385090
126.7744246435225079, 37.2439864357090187
126.7744246435225079, 37.2439864357090187
126.7744245058445642, 37.2439899659115383
126.7744245058445642, 37.2439899659115383
126.7744231399553030, 37.2440034405375258
126.7744231399553030, 37.2440034405375258
126.7744227159880523, 37.2440082721290082
126.7744227159880523, 37.2440082721290082
126.7744219525955458, 37.2440158280415261
126.7744219525955458, 37.2440158280415261
126.7744217488908447, 37.2440177708512365
126.7744217488908447, 37.2440177708512365
126.7744211976827273, 37.2440230957223477
126.7744211976827273, 37.2440230957223477
126.7744197644574768, 37.2440365600698087
126.7744197644574768, 37.2440365600698087
126.7744195627358721, 37.2440380523056547
126.7744195627358721, 37.2440380523056547
126.7744187374278226, 37.2440442642326630
126.7744187374278226, 37.2440442642326630
126.7744185905773691, 37.2440454240480463
126.7744185905773691, 37.2440454240480463
126.7744179843523540, 37.2440499367845277
126.7744179843523540, 37.2440499367845277
126.7744162361912856, 37.2440633771854195
126.7744162361912856, 37.2440633771854195
126.7744161173021666, 37.2440639697565388
126.7744161173021666, 37.2440639697565388
126.7744152177521784, 37.2440688735151326
126.7744152177521784, 37.2440688735151326
126.7744145777185167, 37.2440726195769187
126.7744145777185167, 37.2440726195769187
126.7744124028538124, 37.2440833212504643
126.7744124028538124, 37.2440833212504643
126.7744101262207579, 37.2440967156649378
126.7744101262207579, 37.2440967156649378
126.7744083860851703, 37.2441049020906334
126.7744083860851703, 37.2441049020906334
126.7744076614746831, 37.2441076912663434
126.7744076614746831, 37.2441076912663434
126.7744061295490212, 37.2441137817592605
126.7744061295490212, 37.2441137817592605
126.7744027412304035, 37.2441270290982303
126.7744027412304035, 37.2441270290982303
126.7744010448098919, 37.2441329632900988
126.7744010448098919, 37.2441329632900988
126.7744008953007153, 37.2441334471387577
126.7744008953007153, 37.2441334471387577
126.7743992768144778, 37.2441390313193921
126.7743992768144778, 37.2441390313193921
126.7743976797930117, 37.2441438859135943
126.7743976797930117, 37.2441438859135943
126.7743934732493045, 37.2441569736706626
126.7743934732493045, 37.2441569736706626
126.7743933880230855, 37.2441571883614060
126.7743933880230855, 37.2441571883614060
126.7743919178403047, 37.2441611801672039
126.7743919178403047, 37.2441611801672039
126.7743916862847868, 37.2441617706197050
126.7743916862847868, 37.2441617706197050
126.7743897886535933, 37.2441676469544305
126.7743897886535933, 37.2441676469544305
126.7743847421465944, 37.2441805476840813
126.7743847421465944, 37.2441805476840813
126.7743836344697428, 37.2441833296563445
126.7743836344697428, 37.2441833296563445
126.7743813867775060, 37.2441892264449592
126.7743813867775060, 37.2441892264449592
126.7743809019278700, 37.2441903799044454
126.7743809019278700, 37.2441903799044454
126.7743799450851725, 37.2441926329918545
126.7743799450851725, 37.2441926329918545
126.7743785076327754, 37.2441958954228838
126.7743771983529797, 37.2441990160685492
126.7743758277049579, 37.2442023067924239
126.7743731367750684, 37.2442087089427787
126.7743731367750684, 37.2442087089427787
126.7743701807460894, 37.2442149258635880
126.7743701807460894, 37.2442149258635880
126.7743688098245798, 37.2442174595555286
126.7743688098245798, 37.2442174595555286
126.7743658643950795, 37.2442233161866341
126.7743658643950795, 37.2442233161866341
126.7743591862044354, 37.2442357356210749
126.7743591862044354, 37.2442357356210749
126.7743566284643464, 37.2442402927699305
126.7743566284643464, 37.2442402927699305
126.7743561620357440, 37.2442412032456929
126.7743561620357440, 37.2442412032456929
126.7743542602650137, 37.2442445380551490
126.7743542602650137, 37.2442445380551490
126.7743513523355148, 37.2442495031809742
126.7743513523355148, 37.2442495031809742
126.7743446020199798, 37.2442605423881830
126.7743446020199798, 37.2442605423881830
126.7743410805278899, 37.2442660547337496
126.7743410805278899, 37.2442660547337496
126.7743371627198314, 37.2442720102377649
126.7743371627198314, 37.2442720102377649
126.7743299146774518, 37.2442827246566921
126.7743299146774518, 37.2442827246566921
126.7743290889126371, 37.2442839708395894
126.7743290889126371, 37.2442839708395894
126.7743246427676098, 37.2442902588723683
126.7743246427676098, 37.2442902588723683
126.7743167404624387, 37.2443009880238520
126.7743167404624387, 37.2443009880238520
126.7743123176436342, 37.2443072494581244
126.7743123176436342, 37.2443072494581244
126.7743088936930320, 37.2443117452557644
126.7743088936930320, 37.2443117452557644
126.7743042508406575, 37.2443178223075506
126.7743042508406575, 37.2443178223075506
126.7742954566179492, 37.2443293638095128
126.7742954566179492, 37.2443293638095128
126.7742904185073058, 37.2443358479901008
126.7742904185073058, 37.2443358479901008
126.7742886317755762, 37.2443383378127990
126.7742886317755762, 37.2443383378127990
126.7742842753489327, 37.2443434919910956
126.7742842753489327, 37.2443434919910956
126.7742805411005946, 37.2443481892337971
126.7742805411005946, 37.2443481892337971
126.7742734931712647, 37.2443566994176436
126.7742734931712647, 37.2443566994176436
126.7742640327468280, 37.2443678949368078
126.7742640327468280, 37.2443678949368078
126.7742606356932669, 37.2443718595176350
126.7742606356932669, 37.2443718595176350
126.7742602514384771, 37.2443722758660627
126.7742602514384771, 37.2443722758660627
126.7742561611601957, 37.2443768132049087
126.7742561611601957, 37.2443768132049087
126.7742461904159370, 37.2443877287591576
126.7742461904159370, 37.2443877287591576
126.7742412018624805, 37.2443932946227676
126.7742412018624805, 37.2443932946227676
126.7742392033110548, 37.2443953208379668
126.7742392033110548, 37.2443953208379668
126.7742375501792367, 37.2443971012066868
126.7742375501792367, 37.2443971012066868
126.7742273042534862, 37.2444074077654363
126.7742273042534862, 37.2444074077654363
126.7742225688575530, 37.2444120321056857
126.7742225688575530, 37.2444120321056857
126.7742194579649322, 37.2444150828200264
126.7742194579649322, 37.2444150828200264
126.7742139271481676, 37.2444203050326124
126.7742139271481676, 37.2444203050326124
126.7742095949583216, 37.2444242520259792
126.7742095949583216, 37.2444242520259792
126.7742040353757744, 37.2444293024648942
126.7742027841250518, 37.2444304505230264
126.7741973117594227, 37.2444356017362281
126.7741918503946579, 37.2444407621682601
126.7741918503946579, 37.2444407621682601
126.7741878621619804, 37.2444441298347897
126.7741878621619804, 37.2444441298347897
126.7741846612630212, 37.2444467913299775
126.7741846612630212, 37.2444467913299775
126.7741790087582388, 37.2444515516290622
126.7741790087582388, 37.2444515516290622
126.7741673025231535, 37.2444612989986652
126.7741673025231535, 37.2444612989986652
126.7741636778660279, 37.2444641868417889
126.7741636778660279, 37.2444641868417889
126.7741600846232473, 37.2444671563855749
126.7741600846232473, 37.2444671563855749
126.7741569820715171, 37.2444695403506216
126.7741569820715171, 37.2444695403506216
126.7741519626103184, 37.2444734744168358
126.7741519626103184, 37.2444734744168358
126.7741457856046452, 37.2444780536181597
126.7741455665026962, 37.2444782207298957
126.7741394764490082, 37.2444829097127794
126.7741333863945812, 37.2444875986953292
126.7741333863945812, 37.2444875986953292
126.7741316592921663, 37.2444888279258279
126.7741316592921663, 37.2444888279258279
126.7741242311609113, 37.2444941676601076
126.7741242311609113, 37.2444941676601076
126.7741181760946745, 37.2444984337254326
126.7741181760946745, 37.2444984337254326
126.7741055344421852, 37.2445074064700705
126.7741055344421852, 37.2445074064700705
126.7740979890000830, 37.2445125186908967
126.7740979890000830, 37.2445125186908967
126.7740868204796243, 37.2445196986693929
126.7740868204796243, 37.2445196986693929
126.7740796032233845, 37.2445243844744596
126.7740796032233845, 37.2445243844744596
126.7740750531038998, 37.2445273089830522
126.7740750531038998, 37.2445273089830522
126.7740626754710433, 37.2445349709039917
126.7740626754710433, 37.2445349709039917
126.7740571337542264, 37.2445382642884439
126.7740571337542264, 37.2445382642884439
126.7740560904653933, 37.2445388574983411
126.7740560904653933, 37.2445388574983411
126.7740523305959499, 37.2445409767561344
126.7740523305959499, 37.2445409767561344
126.7740477540957187, 37.2445436484252852
126.7740477540957187, 37.2445436484252852
126.7740340068306608, 37.2445515008775985
126.7740340068306608, 37.2445515008775985
126.7740278013082786, 37.2445551332529305
126.7740278013082786, 37.2445551332529305
126.7740234604764424, 37.2445574578767804
126.7740234604764424, 37.2445574578767804
126.7740184416589528, 37.2445602203603983
126.7740184416589528, 37.2445602203603983
126.7740136744183133, 37.2445628614042121
126.7740136744183133, 37.2445628614042121
126.7739996324883265, 37.2445703838705526
126.7739996324883265, 37.2445703838705526
126.7739948367474625, 37.2445728441331454
126.7739948367474625, 37.2445728441331454
126.7739863231498845, 37.2445771450624434
126.7739744311502079, 37.2445828604554023
126.7739744311502079, 37.2445828604554023
126.7739662194955343, 37.2445868606465567
126.7739662194955343, 37.2445868606465567
126.7739551011784300, 37.2445919507210590
126.7739551011784300, 37.2445919507210590
126.7739474333681642, 37.2445954744794889
126.7739474333681642, 37.2445954744794889
126.7739410030316378, 37.2445983185585945
126.7739410030316378, 37.2445983185585945
126.7739292504630697, 37.2446031263349511
126.7739292504630697, 37.2446031263349511
126.7739231773437325, 37.2446057067650074
126.7739231773437325, 37.2446057067650074
126.7739156608994335, 37.2446086836227508
126.7739156608994335, 37.2446086836227508
126.7739041711720063, 37.2446133701690343
126.7739041711720063, 37.2446133701690343
126.7739013688245393, 37.2446143628791759
126.7739013688245393, 37.2446143628791759
126.7738935041721362, 37.2446172971373883
126.7738935041721362, 37.2446172971373883
126.7738858164711360, 37.2446199643566089
126.7738858164711360, 37.2446199643566089
126.7738703584899440, 37.2446254234114136
126.7738703584899440, 37.2446254234114136
126.7738600611638020, 37.2446286633887098
126.7738600611638020, 37.2446286633887098
126.7738561719135930, 37.2446298158989393
126.7738561719135930, 37.2446298158989393
126.7738482778304387, 37.2446322178794773
126.7738482778304387, 37.2446322178794773
126.7738324362451010, 37.2446369216997510
126.7738324362451010, 37.2446369216997510
126.7738201252313104, 37.2446404031770086
126.7738201252313104, 37.2446404031770086
126.7738073280275444, 37.2446443171069674
126.7738073280275444, 37.2446443171069674
126.7737999681128969, 37.2446461883982280
126.7737999681128969, 37.2446461883982280
126.7737994456048085, 37.2446463227657887
126.7737994456048085, 37.2446463227657887
126.7737922876946470, 37.2446482248927850
126.7737922876946470, 37.2446482248927850
126.7737762026090138, 37.2446523924043049
126.7737762026090138, 37.2446523924043049
126.7737679323464164, 37.2446545529859350
126.7737679323464164, 37.2446545529859350
126.7737567581992408, 37.2446573258504898
126.7737567581992408, 37.2446573258504898
126.7737406731099270, 37.2446614933570501
126.7737406731099270, 37.2446614933570501
126.7737305718125356, 37.2446638177636089
126.7737305718125356, 37.2446638177636089
126.7737157121361236, 37.2446673323999491
126.7737157121361236, 37.2446673323999491
126.7737049164127825, 37.2446698870721491
126.7737049164127825, 37.2446698870721491
126.7736972485819678, 37.2446718787361135
126.7736968285339429, 37.2446719789816143
126.7736891432060844, 37.2446737990837349
126.7736810380949066, 37.2446757104235431
126.7736810380949066, 37.2446757104235431
126.7736708874858351, 37.2446781780929257
126.7736708874858351, 37.2446781780929257
126.7736669091574839, 37.2446792928723696
126.7736669091574839, 37.2446792928723696
126.7736612954382451, 37.2446808184881561
126.7736612954382451, 37.2446808184881561
126.7736453480579115, 37.2446852859752298
126.7736453480579115, 37.2446852859752298
126.7736369346354053, 37.2446877142212927
126.7736369346354053, 37.2446877142212927
126.7736309248582813, 37.2446896739843396
126.7736309248582813, 37.2446896739843396
126.7736209518617585, 37.2446930011513544
126.7736209518617585, 37.2446930011513544
126.7736121488757135, 37.2446960258864124
126.7736121488757135, 37.2446960258864124
126.7736056947925078, 37.2446985270358653
126.7736056947925078, 37.2446985270358653
126.7735947072624043, 37.2447026191795487
126.7735947072624043, 37.2447026191795487
126.7735863223341681, 37.2447059942411229
126.7735863223341681, 37.2447059942411229
126.7735751255064827, 37.2447106862646180
126.7735751255064827, 37.2447106862646180
126.7735703121148703, 37.2447125964321302
126.7735703121148703, 37.2447125964321302
126.7735627690042151, 37.2447160954742174
126.7735627690042151, 37.2447160954742174
126.7735617516889732, 37.2447165720093807
126.7735617516889732, 37.2447165720093807
126.7735568820955052, 37.2447188596323784
126.7735544810986994, 37.2447200040796034
126.7735496222412905, 37.2447223099286830
126.7735453464677136, 37.2447243383551267
126.7735423511197439, 37.2447257600125994
126.7735382073646804, 37.2447278990688773
126.7735382073646804, 37.2447278990688773
126.7735317827017525, 37.2447309324886504
126.7735317827017525, 37.2447309324886504
126.7735261129060262, 37.2447339801082862
126.7735260327137041, 37.2447340236608468
126.7735203414446090, 37.2447370348273665
126.7735146614417374, 37.2447400462055569
126.7735146614417374, 37.2447400462055569
126.7735098076178843, 37.2447429469541973
126.7735098076178843, 37.2447429469541973
126.7735048778430809, 37.2447457471394472
126.7735032013589205, 37.2447467880560765
126.7734983666210837, 37.2447498063221474
126.7734918556634938, 37.2447538564972334
126.7734904213467360, 37.2447547127126910
126.7734837435089332, 37.2447586876502328
126.7734837435089332, 37.2447586876502328
126.7734785944946907, 37.2447620424676842
126.7734785944946907, 37.2447620424676842
126.7734701501688477, 37.2447674351407940
126.7734701501688477, 37.2447674351407940
126.7734650014185434, 37.2447707809503825
126.7734650014185434, 37.2447707809503825
126.7734649668231128, 37.2447708073362307
126.7734649668231128, 37.2447708073362307
126.7734615479748612, 37.2447732123689192
126.7734615479748612, 37.2447732123689192
126.7734578710513631, 37.2447763425363831
126.7734555220094563, 37.2447780196799414
126.7734515834338822, 37.2447808475217030
126.7734452955505304, 37.2447853615138911
126.7734452955505304, 37.2447853615138911
126.7734405117055161, 37.2447889485047909
126.7734405117055161, 37.2447889485047909
126.7734331957653922, 37.2447946868426030
126.7734331957653922, 37.2447946868426030
126.7734234169197833, 37.2448025237551263
126.7734234169197833, 37.2448025237551263
126.7734191424599004, 37.2448060392179201
126.7734191424599004, 37.2448060392179201
126.7734166232217206, 37.2448081367332122
126.7734166232217206, 37.2448081367332122
126.7734074833927025, 37.2448160938124886
126.7734074833927025, 37.2448160938124886
126.7734040869402889, 37.2448188867902346
126.7734040869402889, 37.2448188867902346
126.7733984460224974, 37.2448240167696625
126.7733984460224974, 37.2448240167696625
126.7733961237508709, 37.2448263162588020
126.7733961237508709, 37.2448263162588020
126.7733869274478451, 37.2448354258381613
126.7733869274478451, 37.2448354258381613
126.7733840379951289, 37.2448382283533590
126.7733840379951289, 37.2448382283533590
126.7733789901012216, 37.2448431261582869
126.7733789901012216, 37.2448431261582869
126.7733765721271482, 37.2448456131032017
126.7733765721271482, 37.2448456131032017
126.7733688717754745, 37.2448536873821894
126.7733688717754745, 37.2448536873821894
126.7733662903653027, 37.2448567480342518
126.7733662903653027, 37.2448567480342518
126.7733617266719790, 37.2448616639598598
126.7733617266719790, 37.2448616639598598
126.7733549293778310, 37.2448693136282714
126.7733549293778310, 37.2448693136282714
126.7733527803460873, 37.2448714721801508
126.7733527803460873, 37.2448714721801508
126.7733496989548883, 37.2448754336598853
126.7733496989548883, 37.2448754336598853
126.7733458184200259, 37.2448801191072079
126.7733458184200259, 37.2448801191072079
126.7733381090410631, 37.2448900317070866
126.7733381090410631, 37.2448900317070866
126.7733350493863185, 37.2448940206319961
126.7733350493863185, 37.2448940206319961
126.7733307609900066, 37.2448999240675107
126.7733307609900066, 37.2448999240675107
126.7733247672031354, 37.2449078502050170
126.7733247672031354, 37.2449078502050170
126.7733246612954758, 37.2449080014202849
126.7733246612954758, 37.2449080014202849
126.7733210709062206, 37.2449131699729676
126.7733210709062206, 37.2449131699729676
126.7733184833907671, 37.2449172038287983
126.7733184833907671, 37.2449172038287983
126.7733106569543651, 37.2449291780228435
126.7733106569543651, 37.2449291780228435
126.7733088233842409, 37.2449321085474665
126.7733088233842409, 37.2449321085474665
126.7733050372131487, 37.2449381836504898
126.7733050372131487, 37.2449381836504898
126.7733033758248808, 37.2449410092677056
126.7733033758248808, 37.2449410092677056
126.7732974708296041, 37.2449512802513141
126.7732974708296041, 37.2449512802513141
126.7732959394728027, 37.2449539010337247
126.7732959394728027, 37.2449539010337247
126.7732926506257627, 37.2449599314194018
126.7732926506257627, 37.2449599314194018
126.7732909877765621, 37.2449631895954951
126.7732909877765621, 37.2449631895954951
126.7732851674708172, 37.2449747959802551
126.7732851674708172, 37.2449747959802551
126.7732836054910877, 37.2449780740783822
126.7732836054910877, 37.2449780740783822
126.7732831004720992, 37.2449791460434980
126.7732831004720992, 37.2449791460434980
126.7732803499082337, 37.2449848891526187
126.7732803499082337, 37.2449848891526187
126.7732792808850490, 37.2449871220952815
126.7732773683072196, 37.2449912046970439
126.7732763100202789, 37.2449934558661369
126.7732740840914687, 37.2449982265134594
126.7732733506868641, 37.2449997808416171
126.7732714501668454, 37.2450046026721395
126.7732714501668454, 37.2450046026721395
126.7732690993698981, 37.2450105515708856
126.7732690993698981, 37.2450105515708856
126.7732685882521650, 37.2450118307022535
126.7732685882521650, 37.2450118307022535
126.7732665225696564, 37.2450176678061666
126.7732644456201001, 37.2450235046980609
126.7732641770709989, 37.2450242025987706
126.7732618978503041, 37.2450300176606675
126.7732618978503041, 37.2450300176606675
126.7732605085774082, 37.2450339388753164
126.7732605085774082, 37.2450339388753164
126.7732584643664921, 37.2450398124319051
126.7732583033160978, 37.2450403050739922
126.7732564031859397, 37.2450462624512326
126.7732550992736265, 37.2450503474917198
126.7732543422701639, 37.2450527034632870
126.7732532524254765, 37.2450567925311944
126.7732532524254765, 37.2450567925311944
126.7732523765217394, 37.2450597410722466
126.7732523765217394, 37.2450597410722466
126.7732510022186858, 37.2450650684746449
126.7732510022186858, 37.2450650684746449
126.7732488449233585, 37.2450744005957688
126.7732488449233585, 37.2450744005957688
126.7732478091559329, 37.2450789503042046
126.7732478091559329, 37.2450789503042046
126.7732476107237716, 37.2450799469272837
126.7732476107237716, 37.2450799469272837
126.7732462315008632, 37.2450881220984229
126.7732462315008632, 37.2450881220984229
126.7732448325301959, 37.2450958192503592
126.7732448325301959, 37.2450958192503592
126.7732443730990468, 37.2450984061258481
126.7732443730990468, 37.2450984061258481
126.7732435239542212, 37.2451042751293784
126.7732435239542212, 37.2451042751293784
126.7732430451672343, 37.2451075195327519
126.7732430451672343, 37.2451075195327519
126.7732427078139921, 37.2451101717905360
126.7732427078139921, 37.2451101717905360
126.7732424636377999, 37.2451138712188268
126.7732424636377999, 37.2451138712188268
126.7732411020236327, 37.2451256606211558
126.7732411020236327, 37.2451256606211558
126.7732408549387060, 37.2451279270518043
126.7732408549387060, 37.2451279270518043
126.7732403835674546, 37.2451324513298232
126.7732403835674546, 37.2451324513298232
126.7732403274948609, 37.2451332073013148
126.7732403274948609, 37.2451332073013148
126.7732400919417870, 37.2451354649366877
126.7732400919417870, 37.2451354649366877
126.7732400397117800, 37.2451364733226100
126.7732400397117800, 37.2451364733226100
126.7732399702472037, 37.2451380671785586
126.7732399702472037, 37.2451380671785586
126.7732390432541507, 37.2451515590550599
126.7732390432541507, 37.2451515590550599
126.7732387022985847, 37.2451585461226102
126.7732387022985847, 37.2451585461226102
126.7732386183854345, 37.2451602478533417
126.7732386183854345, 37.2451602478533417
126.7732384993422130, 37.2451627600228719
126.7732384993422130, 37.2451627600228719
126.7732384831681998, 37.2451633094639689
126.7732384831681998, 37.2451633094639689
126.7732383832115062, 37.2451659391514553
126.7732383832115062, 37.2451659391514553
126.7732377939548201, 37.2451794463943031
126.7732377939548201, 37.2451794463943031
126.7732374259414598, 37.2451896503150692
126.7732374259414598, 37.2451896503150692
126.7732372418021356, 37.2451947567790569
126.7732372418021356, 37.2451947567790569
126.7732366638115025, 37.2452082642338027
126.7732366638115025, 37.2452082642338027
126.7732363236382582, 37.2452175223952793
126.7732363236382582, 37.2452175223952793
126.7732362497964118, 37.2452196478897832
126.7732362497964118, 37.2452196478897832
126.7732359192988412, 37.2452289603066049
126.7732359192988412, 37.2452289603066049
126.7732354427081987, 37.2452424696690088
126.7732354427081987, 37.2452424696690088
126.7732351151269370, 37.2452516830062308
126.7732351151269370, 37.2452516830062308
126.7732346385358113, 37.2452651923685849
126.7732346385358113, 37.2452651923685849
126.7732342760891413, 37.2452752071373396
126.7732342760891413, 37.2452752071373396
126.7732339323332553, 37.2452849699155877
126.7732339323332553, 37.2452849699155877
126.7732334557414191, 37.2452984792778423
126.7732334557414191, 37.2452984792778423
126.7732330999229333, 37.2453082688657702
126.7732330999229333, 37.2453082688657702
126.7732326345973348, 37.2453217784399300
126.7732326345973348, 37.2453217784399300
126.7732325623460383, 37.2453238498910153
126.7732325623460383, 37.2453238498910153
126.7732322916361909, 37.2453315141964083
126.7732322916361909, 37.2453315141964083
126.7732318153084492, 37.2453450145512974
126.7732318153084492, 37.2453450145512974
126.7732314763241988, 37.2453546151992683
126.7732314763241988, 37.2453546151992683
126.7732313275789693, 37.2453589022170917
126.7732313275789693, 37.2453589022170917
126.7732310068899011, 37.2453678813661071
126.7732310068899011, 37.2453678813661071
126.7732305302962459, 37.2453813907281415
126.7732305302962459, 37.2453813907281415
126.7732301883947628, 37.2453910904555698
126.7732301883947628, 37.2453910904555698
126.7732299444643047, 37.2453978450305740
126.7732298679703717, 37.2454000605973121
126.7732296353066062, 37.2454068153842783
126.7732293913760060, 37.2454135699592541
126.7732293913760060, 37.2454135699592541
126.7732290311785732, 37.2454238911855455
126.7732290311785732, 37.2454238911855455
126.7732287872477599, 37.2454306457604929
126.7732285545836959, 37.2454374005474165
126.7732284572773267, 37.2454399401624485
126.7732282246131632, 37.2454466949493792
126.7732282246131632, 37.2454466949493792
126.7732279806821225, 37.2454534495243053
126.7732278964985397, 37.2454559263006928
126.7732276525673996, 37.2454626808756117
126.7732274199029803, 37.2454694356625069
126.7732274199029803, 37.2454694356625069
126.7732270904622709, 37.2454787120499375
126.7732270904622709, 37.2454787120499375
126.7732266138661998, 37.2454922214116664
126.7732266138661998, 37.2454922214116664
126.7732263466012341, 37.2454997686228069
126.7732263466012341, 37.2454997686228069
126.7732263412981837, 37.2454999487674101
126.7732263412981837, 37.2454999487674101
126.7732260129176467, 37.2455091891258689
126.7732260129176467, 37.2455091891258689
126.7732255363209077, 37.2455226984875267
126.7732255363209077, 37.2455226984875267
126.7732251636594611, 37.2455334430534108
126.7732251636594611, 37.2455334430534108
126.7732249197274683, 37.2455401976282303
126.7732246870621964, 37.2455469524149976
126.7732246551134523, 37.2455476547669875
126.7732244224481235, 37.2455544095537547
126.7732244224481235, 37.2455544095537547
126.7732240940667339, 37.2455636499121212
126.7732240940667339, 37.2455636499121212
126.7732236174688438, 37.2455771592736227
126.7732236174688438, 37.2455771592736227
126.7732232265108649, 37.2455885253382633
126.7732232265108649, 37.2455885253382633
126.7732227499123923, 37.2456020346997150
126.7732227499123923, 37.2456020346997150
126.7732224220606412, 37.2456112570435138
126.7732224220606412, 37.2456112570435138
126.7732219454616995, 37.2456247664049087
126.7732219454616995, 37.2456247664049087
126.7732216178747393, 37.2456339797414486
126.7732216178747393, 37.2456339797414486
126.7732212393780031, 37.2456449224661412
126.7732212393780031, 37.2456449224661412
126.7732207627783225, 37.2456584318274437
126.7732207627783225, 37.2456584318274437
126.7732206172128855, 37.2456626107582451
126.7732206172128855, 37.2456626107582451
126.7732204442061317, 37.2456673389181034
126.7732204442061317, 37.2456673389181034
126.7732199676059679, 37.2456808482793278
126.7732199676059679, 37.2456808482793278
126.7732198252222418, 37.2456849191233559
126.7732198252222418, 37.2456849191233559
126.7732195106269870, 37.2456936911055152
126.7732195106269870, 37.2456936911055152
126.7732192425367970, 37.2457058615690713
126.7732192425367970, 37.2457058615690713
126.7732189279412864, 37.2457146335511950
126.7732189279412864, 37.2457146335511950
126.7732186159971945, 37.2457233154610066
126.7732186159971945, 37.2457233154610066
126.7732180283184960, 37.2457367686589293
126.7732178143514830, 37.2457417393779906
126.7732177581430193, 37.2457428828722286
126.7732173962281053, 37.2457513475485840
126.7732170180082818, 37.2457599831503146
126.7732169852638009, 37.2457607125239463
126.7732167010347837, 37.2457673041204131
126.7732164274119384, 37.2457735354276522
126.7732163755761832, 37.2457749133218599
126.7732161445085808, 37.2457800819879523
126.7732159662024003, 37.2457842242537964
126.7732158076480573, 37.2457880785002686
126.7732156734880959, 37.2457911040815759
