126.7754169451790887, 37.2395172356567770
126.7754169462384226, 37.2395171996277696
126.7754173962130153, 37.2395026623450534
126.7754173962130153, 37.2395026623450534
126.7754179732485369, 37.2394864872244327
126.7754179732485369, 37.2394864872244327
126.7754185237792655, 37.2394704467890989
126.7754190855755070, 37.2394544065654287
126.7754190855755070, 37.2394544065654287
126.7754192631282137, 37.2394380166552565
126.7754194404158454, 37.2394216357523149
126.7754194404158454, 37.2394216357523149
126.7754195313885788, 37.2394089572538007
126.7754191727174344, 37.2393889523732113
126.7754191729822537, 37.2393889433659666
126.7754190188331904, 37.2393742505330252
126.7754190188331904, 37.2393742505330252
126.7754178995625125, 37.2393559617054564
126.7754178995625125, 37.2393559617054564
126.7754174198627766, 37.2393400731394237
126.7754169288971724, 37.2393241843616067
126.7754169288971724, 37.2393241843616067
126.7754154282808940, 37.2393096644913015
126.7754154282808940, 37.2393096644913015
126.7754140632384150, 37.2392897668673299
126.7754140632384150, 37.2392897668673299
126.7754115576348966, 37.2392726235739175
126.7754097170508771, 37.2392627656493858
126.7754097170508771, 37.2392627656493858
126.7754079825471365, 37.2392546671035376
126.7754079825471365, 37.2392546671035376
126.7754056966008136, 37.2392388707607154
126.7754034109201058, 37.2392230654105774
126.7754034109201058, 37.2392230654105774
126.7754016509728388, 37.2392150655209662
126.7754016509728388, 37.2392150655209662
126.7753996677051163, 37.2392073768621401
126.7753996677051163, 37.2392073768621401
126.7753979135046336, 37.2392010984165296
126.7753979135046336, 37.2392010984165296
126.7753942435078613, 37.2391825363424047
126.7753942435078613, 37.2391825363424047
126.7753923220312942, 37.2391758131534942
126.7753923220312942, 37.2391758131534942
126.7753907780746516, 37.2391708183960191
126.7753907780746516, 37.2391708183960191
126.7753901912705317, 37.2391689238109365
126.7753892749443310, 37.2391659686015544
126.7753887206137335, 37.2391641196879419
126.7753859691092799, 37.2391549566086155
126.7753811740599588, 37.2391390049602791
126.7753763902783959, 37.2391230535234854
126.7753732893716005, 37.2391127393235806
126.7753713897783143, 37.2391064220959862
126.7753696445057585, 37.2391017570070559
126.7753673764605082, 37.2390957032212810
126.7753590131560628, 37.2390734480429799
126.7753543097924904, 37.2390608957277749
126.7753538181692647, 37.2390595977386667
126.7753501907065043, 37.2390499405465576
126.7753493755313343, 37.2390477622898430
126.7753438394351804, 37.2390355457999149
126.7753377425338641, 37.2390220840936550
126.7753316458994277, 37.2390086133798661
126.7753285226946929, 37.2390017414318564
126.7753256437737974, 37.2389953787600945
126.7753233361310805, 37.2389902885379342
126.7753233361310805, 37.2389902885379342
126.7753233361310805, 37.2389902885379342
126.7753232942457942, 37.2389901796039098
