126.7753491809981767, 37.2398916458550886
126.7753491817927340, 37.2398916188333331
126.7753493433088039, 37.2398845923298509
126.7753495652096944, 37.2398755121729295
126.7753498030012338, 37.2398658915808625
126.7753500197273837, 37.2398566040453645
126.7753502054865606, 37.2398491363982487
126.7753502115780151, 37.2398489292314423
126.7753503731538842, 37.2398442008476422
126.7753504908877602, 37.2398405801440902
126.7753505085100159, 37.2398403641817808
126.7753509271866363, 37.2398345591626736
126.7753511419542320, 37.2398314720044468
126.7753513287705971, 37.2398289520913437
126.7753513165676225, 37.2398286003850245
126.7753512946275123, 37.2398258963036923
126.7753513009838002, 37.2398256801296554
126.7753516381500134, 37.2398199637008105
126.7753516445062871, 37.2398197475267665
126.7753517662327880, 37.2398167577543333
126.7753518766932928, 37.2398137677701442
126.7753520688886226, 37.2398091481085700
126.7753522292824186, 37.2398048432773408
126.7753522476992032, 37.2398046002932688
126.7753523835646661, 37.2397999795729575
126.7753525178410143, 37.2397954128961644
126.7753527939517539, 37.2397864058558383
126.7753528003080277, 37.2397861896817730
126.7753529941944635, 37.2397803624131640
126.7753531864917704, 37.2397745891880660
126.7753533801132590, 37.2397687709266805
126.7753534769239678, 37.2397658617960019
126.7753535694971703, 37.2397630967813384
126.7753536579552076, 37.2397600883591267
126.7753537434999203, 37.2397571790166850
126.7753539148541932, 37.2397513513245570
126.7753541228994152, 37.2397446591479309
126.7753541292556605, 37.2397444429738940
126.7753543356095349, 37.2397389584043097
126.7753545659418535, 37.2397330416983507
126.7753545720332653, 37.2397328345315586
126.7753547610296607, 37.2397275569170105
126.7753549800959121, 37.2397216399992956
126.7753551754484818, 37.2397161462106894
126.7753553644447493, 37.2397108685961342
126.7753553942497859, 37.2397102383002263
126.7753556008681812, 37.2397047447233334
126.7753558135779599, 37.2396990439796554
126.7753558312001587, 37.2396988280173531
126.7753559515816306, 37.2396951172411690
126.7753559579378617, 37.2396949010671179
126.7753560068115917, 37.2396936222490424
