126.7754059105023998, 37.2398932978824106
126.7754060712202033, 37.2398912821635690
126.7754065786760265, 37.2398847578344387
126.7754074294267213, 37.2398738419892794
126.7754074294267213, 37.2398738419892794
126.7754084765618074, 37.2398466627601010
126.7754084765618074, 37.2398466627601010
126.7754091204519540, 37.2398420155389758
126.7754091204519540, 37.2398420155389758
126.7754094022213565, 37.2398366495457296
126.7754096837258686, 37.2398312925597281
126.7754096837258686, 37.2398312925597281
126.7754098332581236, 37.2398273570256606
126.7754099827903644, 37.2398234214915931
126.7754102815899131, 37.2398155594307028
126.7754109511625558, 37.2397950872164074
126.7754112043682255, 37.2397872423230183
126.7754113656751400, 37.2397825229462072
126.7754115157160442, 37.2397778033576543
126.7754115162457254, 37.2397777853431649
126.7754118839231978, 37.2397683474365024
126.7754122685500846, 37.2397583330656445
126.7754122685500846, 37.2397583330656445
126.7754124384536141, 37.2397529379331331
126.7754126086219344, 37.2397475337933770
126.7754129486936137, 37.2397367345210810
126.7754136387781756, 37.2397151812244189
126.7754139903801018, 37.2397043731565489
126.7754139903801018, 37.2397043731565489
126.7754141849545846, 37.2396996724293885
126.7754143679982093, 37.2396949804977524
126.7754143679982093, 37.2396949804977524
126.7754145114175515, 37.2396904860904385
126.7754146320609578, 37.2396867663068463
126.7754148090132560, 37.2396822815419952
126.7754149859655257, 37.2396777967771513
126.7754152833170309, 37.2396703672758917
126.7754153899447971, 37.2396678909166496
126.7754153899447971, 37.2396678909166496
126.7754156451247667, 37.2396595954486713
126.7754163671090595, 37.2396365737577568
126.7754166005512815, 37.2396282508445111
126.7754166499327084, 37.2396261879719006
126.7754169591177629, 37.2396152889843606
126.7754169591177629, 37.2396152889843606
126.7754171170013819, 37.2396114527416344
126.7754172636190475, 37.2396076162871807
126.7754174249454877, 37.2396036629501737
126.7754175862718995, 37.2395997096131737
126.7754177943521228, 37.2395945495160277
126.7754187745514685, 37.2395677295167431
126.7754189711006774, 37.2395625782150717
126.7754189711006774, 37.2395625782150717
126.7754189130775018, 37.2395588010000580
126.7754188550543404, 37.2395550237850301
126.7754188550543404, 37.2395550237850301
126.7754184811775673, 37.2395508711322165
126.7754181188315812, 37.2395467096838786
126.7754179405108061, 37.2395447236417496
126.7754175553229175, 37.2395340549338059
126.7754174810438030, 37.2395319807247844
126.7754171948065078, 37.2395240806312771
126.7754170389548989, 37.2395197968926723
126.7754169451790887, 37.2395172356567770
