126.7751773931161381, 37.2428949230736563
126.7751773931161381, 37.2428949230736563
126.7751777540945994, 37.2428853318388065
126.7751778302603611, 37.2428831252752275
126.7751783248462516, 37.2428735906251731
126.7751787623219855, 37.2428648479774296
126.7751787623219855, 37.2428648479774296
126.7751789190324700, 37.2428606692504545
126.7751789190324700, 37.2428606692504545
126.7751794065059556, 37.2428471600751649
126.7751794065059556, 37.2428471600751649
126.7751798436659669, 37.2428361283161209
126.7751802695593852, 37.2428250963452854
126.7751802695593852, 37.2428250963452854
126.7751807682984833, 37.2428115873816523
126.7751807682984833, 37.2428115873816523
126.7751811917905513, 37.2427998704364853
126.7751812557708746, 37.2427980782062136
126.7751816679963071, 37.2427863610492338
126.7751820917527965, 37.2427746350967510
126.7751820917527965, 37.2427746350967510
126.7751822723030699, 37.2427696457175230
126.7751822723030699, 37.2427696457175230
126.7751827147089472, 37.2427561356948686
126.7751827147089472, 37.2427561356948686
126.7751830898316570, 37.2427449135127944
126.7751834762205760, 37.2427336915424831
126.7751834762205760, 37.2427336915424831
126.7751839186256717, 37.2427201815197222
126.7751839186256717, 37.2427201815197222
126.7751843610305258, 37.2427066714969186
126.7751843610305258, 37.2427066714969186
126.7751851739633651, 37.2426840120174987
126.7751851739633651, 37.2426840120174987
126.7751853158217159, 37.2426795716566801
126.7751853158217159, 37.2426795716566801
126.7751858483567986, 37.2426660633280022
126.7751858483567986, 37.2426660633280022
126.7751866281597017, 37.2426437637146961
126.7751866281597017, 37.2426437637146961
126.7751871606939602, 37.2426302553859188
126.7751871606939602, 37.2426302553859188
126.7751876819615404, 37.2426167468453215
126.7751876819615404, 37.2426167468453215
126.7751884717045812, 37.2425944924798173
126.7751884717045812, 37.2425944924798173
126.7751886724021375, 37.2425895845891830
126.7751886724021375, 37.2425895845891830
126.7751891148041636, 37.2425760745660526
126.7751891148041636, 37.2425760745660526
126.7751899545032046, 37.2425532713936249
126.7751899545032046, 37.2425532713936249
126.7751903969044633, 37.2425397613703950
126.7751903969044633, 37.2425397613703950
126.7751908505718035, 37.2425262515589068
126.7751908505718035, 37.2425262515589068
126.7751916754351242, 37.2425039527921058
126.7751916754351242, 37.2425039527921058
126.7751917998095053, 37.2425001069094179
126.7751917998095053, 37.2425001069094179
126.7751923323405094, 37.2424865985802427
126.7751923323405094, 37.2424865985802427
126.7751931077577296, 37.2424640645659721
126.7751931077577296, 37.2424640645659721
126.7751936402879238, 37.2424505562366832
126.7751936402879238, 37.2424505562366832
126.7751941728178338, 37.2424370479073801
126.7751941728178338, 37.2424370479073801
126.7751949477034401, 37.2424145319073645
126.7751949477034401, 37.2424145319073645
126.7751951099734953, 37.2424101640278380
126.7751951099734953, 37.2424101640278380
126.7751955749044015, 37.2423966544277718
126.7751955749044015, 37.2423966544277718
126.7751963284564880, 37.2423744804912076
126.7751963284564880, 37.2423744804912076
126.7751967933866126, 37.2423609708910561
126.7751967933866126, 37.2423609708910561
126.7751972583164530, 37.2423474612908549
126.7751972583164530, 37.2423474612908549
126.7751980838268793, 37.2423247569853402
126.7751980838268793, 37.2423247569853402
126.7751982311215215, 37.2423205149954200
126.7751982313864119, 37.2423205059881823
126.7751987298494925, 37.2423070060304440
126.7751987298494925, 37.2423070060304440
126.7751995482064586, 37.2422845449204374
126.7751995482064586, 37.2422845449204374
126.7752000469336195, 37.2422710359553619
126.7752000469336195, 37.2422710359553619
126.7752005569268334, 37.2422575272020211
126.7752005569268334, 37.2422575272020211
126.7752013377745897, 37.2422351915579313
126.7752013377745897, 37.2422351915579313
126.7752014902425657, 37.2422311569463957
126.7752014902425657, 37.2422311569463957
126.7752019551695781, 37.2422176473458606
126.7752019551695781, 37.2422176473458606
126.7752027607914158, 37.2421948525437472
126.7752027607914158, 37.2421948525437472
126.7752032257176467, 37.2421813429431126
126.7752032257176467, 37.2421813429431126
126.7752037019099163, 37.2421678335542126
126.7752037019099163, 37.2421678335542126
126.7752044167459076, 37.2421454425956213
126.7752044167459076, 37.2421454425956213
126.7752047551798995, 37.2421358509357887
126.7752047551798995, 37.2421358509357887
126.7752052201048940, 37.2421223413349978
126.7752052201048940, 37.2421223413349978
126.7752060198957906, 37.2420997446919131
126.7752060198957906, 37.2420997446919131
126.7752064848199893, 37.2420862350910227
126.7752064848199893, 37.2420862350910227
126.7752072514816319, 37.2420639983141371
126.7752072514816319, 37.2420639983141371
126.7752077164050917, 37.2420504887131614
126.7752077164050917, 37.2420504887131614
126.7752077468667125, 37.2420494528796766
126.7752077468667125, 37.2420494528796766
126.7752082455887290, 37.2420359439139474
126.7752082455887290, 37.2420359439139474
126.7752089980685781, 37.2420138060048131
126.7752089980685781, 37.2420138060048131
126.7752094967898131, 37.2420002970390129
126.7752094967898131, 37.2420002970390129
126.7752099842444409, 37.2419867878613857
126.7752099842444409, 37.2419867878613857
126.7752109357897439, 37.2419640138257648
126.7752109357897439, 37.2419640138257648
126.7752110505013974, 37.2419608797270314
126.7752110505013974, 37.2419608797270314
126.7752115041563030, 37.2419473699140013
126.7752115041563030, 37.2419473699140013
126.7752122211036578, 37.2419249068964504
126.7752122211036578, 37.2419249068964504
126.7752126747578103, 37.2419113970833351
126.7752126747578103, 37.2419113970833351
126.7752131284116928, 37.2418978872701700
126.7752131284116928, 37.2418978872701700
126.7752139024833156, 37.2418753982895225
126.7752139024833156, 37.2418753982895225
126.7752140595755321, 37.2418708230310500
126.7752140595755321, 37.2418708230310500
126.7752145354961897, 37.2418573226485563
126.7752145357610800, 37.2418573136413258
126.7752153882889417, 37.2418344566339314
126.7752153882889417, 37.2418344566339314
126.7752158532074418, 37.2418209470323305
126.7752158532074418, 37.2418209470323305
126.7752163293918954, 37.2418074376424642
126.7752163293918954, 37.2418074376424642
126.7752171508033427, 37.2417860220063446
126.7752171508033427, 37.2417860220063446
126.7752172867044749, 37.2417821673276421
126.7752172869693794, 37.2417821583203974
126.7752177406204765, 37.2417686485068984
126.7752177406204765, 37.2417686485068984
126.7752186022922274, 37.2417458637688483
126.7752186022922274, 37.2417458637688483
126.7752191688698957, 37.2417323470656925
126.7752197509515639, 37.2417186864582845
126.7752206826205281, 37.2416965879650377
126.7752209088803284, 37.2416911938938568
126.7752214847274388, 37.2416773619368442
126.7752224134811030, 37.2416553625231472
126.7752230021828268, 37.2416414767343085
126.7752237575279963, 37.2416234574654226
126.7752241091099137, 37.2416153350449548
126.7752246533307812, 37.2416094783144871
126.7752248838992983, 37.2416070042858749
126.7752248854885551, 37.2416069502423852
