126.7750502343347705, 37.2452893336954176
126.7750510139561158, 37.2452800747746124
126.7750510139561158, 37.2452800747746124
126.7750514849673351, 37.2452690436567266
126.7750514849673351, 37.2452690436567266
126.7750521189690858, 37.2452555372417109
126.7750521189690858, 37.2452555372417109
126.7750526966366209, 37.2452420297676312
126.7750526966366209, 37.2452420297676312
126.7750528309717737, 37.2452382291351185
126.7750528309717737, 37.2452382291351185
126.7750531881722367, 37.2452299175688211
126.7750531881722367, 37.2452299175688211
126.7750534206718953, 37.2452231627727386
126.7750536531714971, 37.2452164079766632
126.7750536531714971, 37.2452164079766632
126.7750541519707781, 37.2452028990198727
126.7750541519707781, 37.2452028990198727
126.7750543957369160, 37.2451961444355604
126.7750546282362194, 37.2451893896394566
126.7750546282362194, 37.2451893896394566
126.7750551270348751, 37.2451758806825950
126.7750551270348751, 37.2451758806825950
126.7750556032997338, 37.2451623713021007
126.7750556032997338, 37.2451623713021007
126.7750561020978068, 37.2451488623451681
126.7750561020978068, 37.2451488623451681
126.7750563345966128, 37.2451421075489861
126.7750565670953335, 37.2451353527527971
126.7750565670953335, 37.2451353527527971
126.7750570658927955, 37.2451218437958005
126.7750570658927955, 37.2451218437958005
126.7750572734878034, 37.2451159356803387
126.7750572734878034, 37.2451159356803387
126.7750576833933707, 37.2451050656334459
126.7750576833933707, 37.2451050656334459
126.7750581483899310, 37.2450915560409612
126.7750581483899310, 37.2450915560409612
126.7750586133862072, 37.2450780464484481
126.7750586133862072, 37.2450780464484481
126.7750590896489342, 37.2450645370676909
126.7750590896489342, 37.2450645370676909
126.7750595546446277, 37.2450510274750926
126.7750595546446277, 37.2450510274750926
126.7750600309067579, 37.2450375180942501
126.7750600309067579, 37.2450375180942501
126.7750604959018688, 37.2450240085016091
126.7750604959018688, 37.2450240085016091
126.7750609721634163, 37.2450104991207027
126.7750609721634163, 37.2450104991207027
126.7750614371579445, 37.2449969895279693
126.7750614371579445, 37.2449969895279693
126.7750619134189378, 37.2449834801469848
126.7750619134189378, 37.2449834801469848
126.7750623784128692, 37.2449699705541875
126.7750623784128692, 37.2449699705541875
126.7750628546732514, 37.2449564611731461
126.7750628546732514, 37.2449564611731461
126.7750630181487992, 37.2449516697437559
126.7750630181487992, 37.2449516697437559
126.7750634944087977, 37.2449381603626648
126.7750634944087977, 37.2449381603626648
126.7750639819352187, 37.2449246511933367
126.7750639819352187, 37.2449246511933367
126.7750641430261567, 37.2449199408290994
126.7750641430261567, 37.2449199408290994
126.7750643865242921, 37.2449131952516481
126.7750646305521656, 37.2449064316597287
126.7750648743150634, 37.2448996770750256
126.7750651180778902, 37.2448929224903083
126.7750651180778902, 37.2448929224903083
126.7750655943366240, 37.2448794131090679
126.7750655943366240, 37.2448794131090679
126.7750660815968047, 37.2448659129467998
126.7750660815968047, 37.2448659129467998
126.7750665691216483, 37.2448524037772941
126.7750665691216483, 37.2448524037772941
126.7750670453794868, 37.2448388943959259
126.7750670453794868, 37.2448388943959259
126.7750675329037051, 37.2448253852263420
126.7750675329037051, 37.2448253852263420
126.7750680204276534, 37.2448118760566942
126.7750680204276534, 37.2448118760566942
126.7750684966845967, 37.2447983666752265
126.7750684966845967, 37.2447983666752265
126.7750689842079623, 37.2447848575055289
126.7750689842079623, 37.2447848575055289
126.7750693572682223, 37.2447744734254229
126.7750693572682223, 37.2447744734254229
126.7750698335243271, 37.2447609640438557
126.7750698335243271, 37.2447609640438557
126.7750703323135610, 37.2447474550858573
126.7750703323135610, 37.2447474550858573
126.7750706372725773, 37.2447386198278423
126.7750706372725773, 37.2447386198278423
126.7750711473279779, 37.2447251110815785
126.7750711473279779, 37.2447251110815785
126.7750716123163386, 37.2447116014880777
126.7750716123163386, 37.2447116014880777
126.7750721111044925, 37.2446980925299371
126.7750721111044925, 37.2446980925299371
126.7750725758273234, 37.2446845919436100
126.7750725760922421, 37.2446845829363653
126.7750730746148520, 37.2446710829853913
126.7750730746148520, 37.2446710829853913
126.7750735396020474, 37.2446575733917484
126.7750735396020474, 37.2446575733917484
126.7750740496556716, 37.2446440646452714
126.7750740496556716, 37.2446440646452714
126.7750745146422844, 37.2446305550515575
126.7750745146422844, 37.2446305550515575
126.7750750134286193, 37.2446170460931967
126.7750750134286193, 37.2446170460931967
126.7750754784146210, 37.2446035364994046
126.7750754784146210, 37.2446035364994046
126.7750759772003875, 37.2445900275409869
126.7750759772003875, 37.2445900275409869
126.7750764534524990, 37.2445765181589294
126.7750764534524990, 37.2445765181589294
126.7750769522376402, 37.2445630092004194
126.7750769522376402, 37.2445630092004194
126.7750774172224624, 37.2445494996064781
126.7750774172224624, 37.2445494996064781
126.7750775412213500, 37.2445460502559484
126.7750775412213500, 37.2445460502559484
126.7750777105518267, 37.2445425927453542
126.7750777105518267, 37.2445425927453542
126.7750779551054876, 37.2445358111384337
126.7750781980695365, 37.2445290835749603
126.7750785206949189, 37.2445223304723214
126.7750788545868801, 37.2445155775814598
126.7750788545868801, 37.2445155775814598
126.7750788582958137, 37.2445154514800478
126.7750788582958137, 37.2445154514800478
126.7750791007297835, 37.2445087419310354
126.7750793345462483, 37.2445019420977843
126.7750794543714363, 37.2444951851827923
126.7750795629299176, 37.2444884280560018
126.7750795629299176, 37.2444884280560018
126.7750797808508594, 37.2444821686573277
126.7750800391798123, 37.2444749186736743
126.7750802793690212, 37.2444686687058066
126.7750805195581307, 37.2444624187379461
126.7750805195581307, 37.2444624187379461
126.7750808604025252, 37.2444519799783365
126.7750808604025252, 37.2444519799783365
126.7750813479182739, 37.2444384708077010
126.7750813479182739, 37.2444384708077010
126.7750816876225315, 37.2444307537180990
126.7750816876225315, 37.2444307537180990
126.7750821636062568, 37.2444172533428528
126.7750821638711756, 37.2444172443356081
126.7750822198046166, 37.2444103600483416
126.7750822198046166, 37.2444103600483416
126.7750824835711256, 37.2444033084357358
126.7750824835711256, 37.2444033084357358
126.7750829710858369, 37.2443897992649795
126.7750829710858369, 37.2443897992649795
126.7750833199967815, 37.2443852186021545
126.7750833199967815, 37.2443852186021545
126.7750834738058359, 37.2443811389562640
126.7750834738058359, 37.2443811389562640
126.7750840511684629, 37.2443733902852614
126.7750840511684629, 37.2443733902852614
126.7750844146845850, 37.2443633304650774
126.7750844146845850, 37.2443633304650774
126.7750844523183389, 37.2443628174757819
126.7750844523183389, 37.2443628174757819
126.7750845667790145, 37.2443596923858919
126.7750845667790145, 37.2443596923858919
126.7750852574774285, 37.2443523063343207
126.7750852574774285, 37.2443523063343207
126.7750855062676720, 37.2443453806112501
126.7750857337242252, 37.2443387969516095
126.7750863715481131, 37.2443320587861635
126.7750869981051949, 37.2443253204089046
126.7750869981051949, 37.2443253204089046
126.7750872471599735, 37.2443183856785538
126.7750874856178882, 37.2443118112379210
126.7750881121746147, 37.2443050728606124
126.7750887387312275, 37.2442983344833038
126.7750887387312275, 37.2442983344833038
126.7750889528918350, 37.2442964189055203
126.7750889528918350, 37.2442964189055203
126.7750894291370969, 37.2442829095226458
126.7750894291370969, 37.2442829095226458
126.7750901793612712, 37.2442761824822526
126.7750909185835582, 37.2442694462228161
126.7750909185835582, 37.2442694462228161
126.7750914060946741, 37.2442559370516690
126.7750914060946741, 37.2442559370516690
126.7750921450516444, 37.2442492097994275
126.7750928842733629, 37.2442424735399271
126.7750928842733629, 37.2442424735399271
126.7750933717837256, 37.2442289643686948
126.7750933717837256, 37.2442289643686948
126.7750941107401417, 37.2442222371164036
126.7750948612279132, 37.2442155010686307
126.7750948612279132, 37.2442155010686307
126.7750952053987419, 37.2442126146146109
126.7750952053987419, 37.2442126146146109
126.7750956929082093, 37.2441991054432791
126.7750956929082093, 37.2441991054432791
126.7750962067966327, 37.2441923649478355
126.7750967135321503, 37.2441858676479782
126.7750967509007722, 37.2441853636659133
126.7750977707294737, 37.2441721528923040
126.7750978801860384, 37.2441707310185279
126.7750982961489399, 37.2441654036013645
126.7750988300456214, 37.2441583660786009
126.7750992623083732, 37.2441528677355933
126.7750998485487912, 37.2441452003411158
126.7750998990383522, 37.2441446335201292
126.7751004142503746, 37.2441378479883696
126.7751008144426237, 37.2441326734825182
126.7751008512813087, 37.2441321875149285
126.7751013422455912, 37.2441258431263194
126.7751019015887977, 37.2441187069473969
126.7751024670249649, 37.2441113636018315
126.7751029043203914, 37.2441056941211173
126.7751034315930525, 37.2440988817793510
126.7751039041374526, 37.2440927803744799
126.7751039780796418, 37.2440917994320415
126.7751049111067658, 37.2440796234321994
126.7751053991560894, 37.2440733781231899
126.7751054357297704, 37.2440729011628235
126.7751059806263640, 37.2440658728589327
126.7751066715526349, 37.2440569457208497
126.7751070028350426, 37.2440525810196945
126.7751075135418120, 37.2440459486109177
126.7751075874838875, 37.2440449676684651
126.7751080565835196, 37.2440389833576901
126.7751086409671757, 37.2440313790136770
126.7751090950911816, 37.2440255205925013
126.7751094258433682, 37.2440211739057929
126.7751099349600992, 37.2440145955404205
126.7751099539092081, 37.2440143345421433
126.7751110247509558, 37.2440005389324114
126.7751110978981757, 37.2439995850116645
126.7751115151831556, 37.2439942125580501
126.7751116086039787, 37.2439929526028024
126.7751121385237099, 37.2439860501883899
126.7751122106111978, 37.2439851322966433
126.7751132083047167, 37.2439722906075374
126.7751134080023121, 37.2439697168653439
126.7751136866751125, 37.2439659910430692
126.7751139581952202, 37.2439625084163737
126.7751143204868782, 37.2439578559068636
126.7751145588772204, 37.2439547331463530
126.7751147033170156, 37.2439528883555937
126.7751156844445717, 37.2439402265994630
126.7751157976090184, 37.2439386786241684
126.7751162335772364, 37.2439330541794007
126.7751167069136216, 37.2439269257525325
126.7751168374375794, 37.2439251708224077
126.7751173636472259, 37.2439183945092722
126.7751178519587256, 37.2439121401927267
126.7751182563863779, 37.2439068215706470
126.7751190572941198, 37.2438964545438012
126.7751194553636651, 37.2438913520955595
126.7751198531682633, 37.2438862586545625
126.7751202026029063, 37.2438816599766511
126.7751203906281177, 37.2438787165138123
126.7751206112530582, 37.2438754311992568
126.7751208661918412, 37.2438713624662228
126.7751209851840883, 37.2438696163315299
126.7751213046522309, 37.2438645033934961
126.7751216598990140, 37.2438589405168088
126.7751219961967166, 37.2438536386384200
126.7751221028626532, 37.2438519283209075
126.7751224428690335, 37.2438465003410855
126.7751227068145425, 37.2438421253617093
126.7751229414951837, 37.2438391287025397
126.7751231488742576, 37.2438362937501637
126.7751233667251824, 37.2438334860313347
126.7751233896478027, 37.2438330899243653
126.7751237024927491, 37.2438282021673999
126.7751238899877535, 37.2438252767190079
126.7751239353031991, 37.2438245025195585
126.7751242652426242, 37.2438194168149863
126.7751243905924809, 37.2438174545064058
126.7751247714103471, 37.2438114054502307
