126.7750500578339086, 37.2460902104757423
126.7750500578339086, 37.2460902104757423
126.7750515790469024, 37.2460856338278177
126.7750519129264433, 37.2460846307356093
126.7750528697347221, 37.2460800795263651
126.7750538378097644, 37.2460755285289196
126.7750538378097644, 37.2460755285289196
126.7750556049838337, 37.2460679554350378
126.7750556049838337, 37.2460679554350378
126.7750570764572444, 37.2460616204688080
126.7750585479304135, 37.2460552855025853
126.7750585733785158, 37.2460551868465473
126.7750598009539260, 37.2460487121119641
126.7750598009539260, 37.2460487121119641
126.7750604274516775, 37.2460446593775600
126.7750610429473994, 37.2460405974241056
126.7750618306116905, 37.2460356645217630
126.7750624799079162, 37.2460316032037042
126.7750633213825040, 37.2460263739096007
126.7750639168680067, 37.2460226089832531
126.7750644463138059, 37.2460172566644871
126.7750644463138059, 37.2460172566644871
126.7750645115027055, 37.2460158069223155
126.7750645115027055, 37.2460158069223155
126.7750651016333308, 37.2460091579844601
126.7750663383540370, 37.2459954736445695
126.7750669584362413, 37.2459885729275371
126.7750669584362413, 37.2459885729275371
126.7750669813604105, 37.2459881768207453
126.7750669813604105, 37.2459881768207453
126.7750672363983995, 37.2459814224490913
126.7750675027031946, 37.2459746682892145
126.7750682839374434, 37.2459661213650932
126.7750689163457594, 37.2459591848308449
126.7750689163457594, 37.2459591848308449
126.7750690183607816, 37.2459564830821677
126.7750690183607816, 37.2459564830821677
126.7750692733983442, 37.2459497287104639
126.7750695397026988, 37.2459429745505588
126.7750700266587529, 37.2459337011165985
126.7750703844225768, 37.2459269036148797
126.7750703844225768, 37.2459269036148797
126.7750706134959415, 37.2459210319527614
126.7750706134959415, 37.2459210319527614
126.7750707340704679, 37.2459184657362812
