126.7751301306275309, 37.2459196634096159
126.7751323641025039, 37.2459050515225769
126.7751328650844300, 37.2459018165403393
126.7751332011917498, 37.2458995878276014
126.7751351397768076, 37.2458869530858294
126.7751363954099020, 37.2458787575432666
126.7751368977160382, 37.2458754775247769
126.7751373320309654, 37.2458725927659273
126.7751382667973274, 37.2458664910392727
126.7751393827383311, 37.2458592121173169
126.7751413777803009, 37.2458461909110810
126.7751421008896671, 37.2458415361733159
126.7751427442110668, 37.2458372944978819
126.7751435395501716, 37.2458321003845683
126.7751452817158082, 37.2458207777345365
126.7751461878536503, 37.2458148827507003
126.7751470813998509, 37.2458090325912465
126.7751479163671888, 37.2458036409539375
126.7751516953175326, 37.2457790275152192
126.7751527973394303, 37.2457718384535639
126.7751530303941934, 37.2457665977214205
126.7751532607996836, 37.2457614470616960
126.7751534645725542, 37.2457568186101824
126.7751541347194433, 37.2457416996871089
126.7751543722776688, 37.2457363058318265
126.7751545934104627, 37.2457314704255253
126.7751548365320104, 37.2457258874181534
126.7751551957207852, 37.2457178913171418
126.7751558054486622, 37.2457040600059344
126.7751564267079516, 37.2456902198992452
126.7751567022898627, 37.2456839165242712
126.7751571454741537, 37.2456738311666271
126.7751577118782507, 37.2456610895197784
126.7751579300962135, 37.2456563531930698
126.7751581259204698, 37.2456519949587204
126.7751581261853886, 37.2456519859514827
126.7751584297239162, 37.2456451153320032
126.7751594991985371, 37.2456210187297856
126.7751605684071734, 37.2455969311347062
126.7751606391568657, 37.2455952922402318
126.7751609326275855, 37.2455887638958671
126.7751611994658703, 37.2455827577597418
126.7751619339993425, 37.2455662161154279
126.7751621459831597, 37.2455613084392354
126.7751623610211595, 37.2455566801993214
126.7751625761839733, 37.2455516644362064
126.7751634487714938, 37.2455319620969547
126.7751641154681153, 37.2455169602673095
126.7751647824292718, 37.2455019494303770
126.7751654095116294, 37.2454879111637709
126.7751656108978864, 37.2454833637771685
126.7751658080453581, 37.2454789605064462
126.7751660001593024, 37.2454747283733312
126.7751661289416916, 37.2454718829319376
126.7751664966041716, 37.2454635985987395
126.7751672158934042, 37.2454471918508432
126.7751680129593694, 37.2454292905360660
126.7751688097598191, 37.2454113982284341
126.7751690755364535, 37.2454054281210603
126.7751691303903385, 37.2454043296610564
126.7751699010876365, 37.2453869415471459
126.7751702170740344, 37.2453796475868728
126.7751711639884036, 37.2453585677741827
126.7751713329132031, 37.2453547407550687
