126.7750930983264510, 37.2452903467588072
126.7750930983264510, 37.2452903467588072
126.7750931201903768, 37.2452899866809162
126.7750931201903768, 37.2452899866809162
126.7750935911956134, 37.2452789555626822
126.7750935911956134, 37.2452789555626822
126.7750940449216444, 37.2452654457584558
126.7750940449216444, 37.2452654457584558
126.7750946110501644, 37.2452519470794101
126.7750946110501644, 37.2452519470794101
126.7750950647755985, 37.2452384372751055
126.7750950647755985, 37.2452384372751055
126.7750954222363902, 37.2452301167012578
126.7750954222363902, 37.2452301167012578
126.7750958646945776, 37.2452166066851191
126.7750958646945776, 37.2452166066851191
126.7750963634863268, 37.2452030977279023
126.7750963634863268, 37.2452030977279023
126.7750964734457995, 37.2452001257615422
126.7750964734457995, 37.2452001257615422
126.7750969271701393, 37.2451866159571097
126.7750969271701393, 37.2451866159571097
126.7750974259612065, 37.2451731069998289
126.7750974259612065, 37.2451731069998289
126.7750978796849637, 37.2451595971953111
126.7750978796849637, 37.2451595971953111
126.7750983784754624, 37.2451460882379521
126.7750983784754624, 37.2451460882379521
126.7750988321986085, 37.2451325784333633
126.7750988321986085, 37.2451325784333633
126.7750993309885104, 37.2451190694759191
126.7750993309885104, 37.2451190694759191
126.7750995307574726, 37.2451130440543494
126.7750995307574726, 37.2451130440543494
126.7750999296550987, 37.2451021647880580
126.7750999296550987, 37.2451021647880580
126.7751004509778170, 37.2450886562541328
126.7751004509778170, 37.2450886562541328
126.7751009159665045, 37.2450751466611933
126.7751009159665045, 37.2450751466611933
126.7751014372886118, 37.2450616381271971
126.7751014372886118, 37.2450616381271971
126.7751019022766883, 37.2450481285341866
126.7751019022766883, 37.2450481285341866
126.7751024235981845, 37.2450346200001121
126.7751024235981845, 37.2450346200001121
126.7751028885856783, 37.2450211104070235
126.7751028885856783, 37.2450211104070235
126.7751030135199528, 37.2450180125509718
126.7751030135199528, 37.2450180125509718
126.7751035123072825, 37.2450045035932149
126.7751035123072825, 37.2450045035932149
126.7751039772941510, 37.2449909940000481
126.7751039772941510, 37.2449909940000481
126.7751044760808981, 37.2449774850422415
126.7751044760808981, 37.2449774850422415
126.7751049410671556, 37.2449639754490036
126.7751049410671556, 37.2449639754490036
126.7751051045400885, 37.2449591840194785
126.7751051045400885, 37.2449591840194785
126.7751056033261250, 37.2449456750615795
126.7751056033261250, 37.2449456750615795
126.7751060908451279, 37.2449321658918535
126.7751060908451279, 37.2449321658918535
126.7751062605509986, 37.2449275458117128
126.7751062605509986, 37.2449275458117128
126.7751067368028828, 37.2449140364301314
126.7751067368028828, 37.2449140364301314
126.7751072130545111, 37.2449005270485216
126.7751072130545111, 37.2449005270485216
126.7751076893058126, 37.2448870176668692
126.7751076893058126, 37.2448870176668692
126.7751081655568441, 37.2448735082851812
126.7751081655568441, 37.2448735082851812
126.7751086418075630, 37.2448599989034648
126.7751086418075630, 37.2448599989034648
126.7751091180579976, 37.2448464895217128
126.7751091180579976, 37.2448464895217128
126.7751092661645345, 37.2448422205121759
126.7751092661645345, 37.2448422205121759
126.7751097762147054, 37.2448287117657557
126.7751097762147054, 37.2448287117657557
126.7751102524644722, 37.2448152023839185
126.7751102524644722, 37.2448152023839185
126.7751107625140179, 37.2448016936374202
126.7751107625140179, 37.2448016936374202
126.7751112387631736, 37.2447881842554978
126.7751112387631736, 37.2447881842554978
126.7751116115527594, 37.2447778091823167
126.7751116115527594, 37.2447778091823167
126.7751121216014951, 37.2447643004357332
126.7751121216014951, 37.2447643004357332
126.7751122984589642, 37.2447594371598711
126.7751122984589642, 37.2447594371598711
126.7751127972405669, 37.2447459282014250
126.7751127972405669, 37.2447459282014250
126.7751132622218080, 37.2447324186075832
126.7751132622218080, 37.2447324186075832
126.7751137610028422, 37.2447189096490661
126.7751137610028422, 37.2447189096490661
126.7751142259835007, 37.2447054000551319
126.7751142259835007, 37.2447054000551319
126.7751147247639381, 37.2446918910965508
126.7751147247639381, 37.2446918910965508
126.7751151784773356, 37.2446783812907611
126.7751151784773356, 37.2446783812907611
126.7751156772571619, 37.2446648723321090
126.7751156772571619, 37.2446648723321090
126.7751157935720840, 37.2446616841916054
126.7751157935720840, 37.2446616841916054
126.7751162585515203, 37.2446481745975149
126.7751162585515203, 37.2446481745975149
126.7751167573306788, 37.2446346656387846
126.7751167573306788, 37.2446346656387846
126.7751172335761964, 37.2446211562564145
126.7751172335761964, 37.2446211562564145
126.7751177323547580, 37.2446076472976202
126.7751177323547580, 37.2446076472976202
126.7751182085996930, 37.2445941379151861
126.7751182085996930, 37.2445941379151861
126.7751187073776578, 37.2445806289563066
126.7751187073776578, 37.2445806289563066
126.7751189128448459, 37.2445747928979927
126.7751189128448459, 37.2445747928979927
126.7751194116223843, 37.2445612839390350
126.7751194116223843, 37.2445612839390350
126.7751198540663040, 37.2445477739211128
126.7751198540663040, 37.2445477739211128
126.7751199893299230, 37.2445443247822681
126.7751199893299230, 37.2445443247822681
126.7751204317734448, 37.2445308147643033
126.7751204317734448, 37.2445308147643033
126.7751209192833670, 37.2445173055934475
126.7751209192833670, 37.2445173055934475
126.7751213617263630, 37.2445037955754046
126.7751213617263630, 37.2445037955754046
126.7751218489707838, 37.2444902954117438
126.7751218489707838, 37.2444902954117438
126.7751219709728332, 37.2444865305957364
126.7751219709728332, 37.2444865305957364
126.7751224584817891, 37.2444730214247741
126.7751224584817891, 37.2444730214247741
126.7751229572571106, 37.2444595124655748
126.7751229572571106, 37.2444595124655748
126.7751234334988197, 37.2444460030827287
126.7751234334988197, 37.2444460030827287
126.7751239322735302, 37.2444324941234584
126.7751239322735302, 37.2444324941234584
126.7751244197812923, 37.2444189849523468
126.7751244197812923, 37.2444189849523468
126.7751249185553917, 37.2444054759929983
126.7751249185553917, 37.2444054759929983
126.7751254060625712, 37.2443919668218228
126.7751254060625712, 37.2443919668218228
126.7751256474318211, 37.2443852933014128
126.7751256474318211, 37.2443852933014128
126.7751261349385317, 37.2443717841301734
126.7751261349385317, 37.2443717841301734
126.7751264984490405, 37.2443617243096696
126.7751264984490405, 37.2443617243096696
126.7751266131729153, 37.2443585902124283
126.7751266131729153, 37.2443585902124283
126.7751271006790574, 37.2443450810411321
126.7751271006790574, 37.2443450810411321
126.7751275881848869, 37.2443315718697860
126.7751275881848869, 37.2443315718697860
126.7751280756904322, 37.2443180626984116
126.7751280756904322, 37.2443180626984116
126.7751285631956790, 37.2443045535269874
126.7751285631956790, 37.2443045535269874
126.7751286543418274, 37.2443022210744203
126.7751286543418274, 37.2443022210744203
126.7751291305800976, 37.2442887116911692
126.7751291305800976, 37.2442887116911692
126.7751296180847049, 37.2442752025196668
126.7751296180847049, 37.2442752025196668
126.7751301055889996, 37.2442616933481361
126.7751301055889996, 37.2442616933481361
126.7751305930929959, 37.2442481841765698
126.7751305930929959, 37.2442481841765698
126.7751310693301008, 37.2442346747931907
126.7751310693301008, 37.2442346747931907
126.7751315568335144, 37.2442211656215463
126.7751315568335144, 37.2442211656215463
126.7751317982008743, 37.2442144921009088
126.7751317982008743, 37.2442144921009088
126.7751322857038474, 37.2442009829292289
126.7751322857038474, 37.2442009829292289
126.7751327281400791, 37.2441874729103404
126.7751327281400791, 37.2441874729103404
126.7751332156424411, 37.2441739637385680
126.7751332156424411, 37.2441739637385680
126.7751336468114829, 37.2441604535078312
126.7751336468114829, 37.2441604535078312
126.7751341343132765, 37.2441469443359878
126.7751341343132765, 37.2441469443359878
126.7751345767483429, 37.2441334343169643
126.7751345767483429, 37.2441334343169643
126.7751347644622228, 37.2441282017435000
126.7751347644622228, 37.2441282017435000
126.7751348260621569, 37.2441264905788927
126.7751348260621569, 37.2441264905788927
126.7751353022966043, 37.2441129811951797
126.7751353022966043, 37.2441129811951797
126.7751358461303681, 37.2440994730821515
126.7751358461303681, 37.2440994730821515
126.7751363223642329, 37.2440859636983745
126.7751363223642329, 37.2440859636983745
126.7751368661973572, 37.2440724555852682
126.7751368661973572, 37.2440724555852682
126.7751373424306394, 37.2440589462014131
126.7751373424306394, 37.2440589462014131
126.7751378862631526, 37.2440454380882358
126.7751378862631526, 37.2440454380882358
126.7751381265847215, 37.2440395666356778
126.7751381265847215, 37.2440395666356778
126.7751386028172362, 37.2440260572517303
126.7751386028172362, 37.2440260572517303
126.7751390903160598, 37.2440125480795245
126.7751390903160598, 37.2440125480795245
126.7751395665480061, 37.2439990386955131
126.7751395665480061, 37.2439990386955131
126.7751400540462186, 37.2439855295232363
126.7751400540462186, 37.2439855295232363
126.7751405302775680, 37.2439720201391467
126.7751405302775680, 37.2439720201391467
126.7751406390310649, 37.2439687056849920
126.7751406390310649, 37.2439687056849920
126.7751411265286237, 37.2439551965126370
126.7751411265286237, 37.2439551965126370
126.7751415464264255, 37.2439416860695260
126.7751415464264255, 37.2439416860695260
126.7751416828707391, 37.2439378133779826
126.7751416828707391, 37.2439378133779826
126.7751421027681715, 37.2439243029348290
126.7751421027681715, 37.2439243029348290
126.7751423569566782, 37.2439160435034111
126.7751423569566782, 37.2439160435034111
126.7751428331865355, 37.2439025341191439
126.7751428331865355, 37.2439025341191439
126.7751432530832574, 37.2438890236758979
126.7751432530832574, 37.2438890236758979
126.7751434855646835, 37.2438822688778259
126.7751437293125747, 37.2438755142915454
126.7751439395255773, 37.2438687500626457
126.7751441492087423, 37.2438620038482284
126.7751441492087423, 37.2438620038482284
126.7751442898751861, 37.2438572210013490
126.7751442898751861, 37.2438572210013490
126.7751445336228215, 37.2438504664150329
126.7751447773703717, 37.2438437118286885
126.7751447773703717, 37.2438437118286885
126.7751453549977327, 37.2438302043503029
126.7751453549977327, 37.2438302043503029
126.7751455094550863, 37.2438257191660327
126.7751456749140715, 37.2438212432007845
126.7751457743949999, 37.2438182440000958
126.7751459193315355, 37.2438148491159851
126.7751460526121150, 37.2438118505506495
