126.7751341166880081, 37.2452912530146492
126.7751341166880081, 37.2452912530146492
126.7751341270200243, 37.2452909017321900
126.7751341270200243, 37.2452909017321900
126.7751345807390067, 37.2452773919276012
126.7751345807390067, 37.2452773919276012
126.7751350344577048, 37.2452638821229698
126.7751356495745370, 37.2452479510644352
126.7751361840144284, 37.2452343796915883
126.7751367040081760, 37.2452209161938015
126.7751367909178697, 37.2452187278574698
126.7751372446353031, 37.2452052180526820
126.7751372446353031, 37.2452052180526820
126.7751373433264064, 37.2452022458744452
126.7751373433264064, 37.2452022458744452
126.7751377970434703, 37.2451887360696148
126.7751377970434703, 37.2451887360696148
126.7751382507602642, 37.2451752262647560
126.7751388528783991, 37.2451589705216222
126.7751393529861730, 37.2451454165276417
126.7751398622410335, 37.2451319348033394
126.7751398672745324, 37.2451317636657251
126.7751403209900758, 37.2451182538607100
126.7751403209900758, 37.2451182538607100
126.7751405207557696, 37.2451122284389484
126.7751405207557696, 37.2451122284389484
126.7751410420714109, 37.2450987199046324
126.7751410420714109, 37.2450987199046324
126.7751415633867111, 37.2450852113702879
126.7751421038703228, 37.2450691347127574
126.7751425447282543, 37.2450556787392202
126.7751430000317185, 37.2450421148905519
126.7751431003115670, 37.2450390886687686
126.7751436216255740, 37.2450255801342536
126.7751436216255740, 37.2450255801342536
126.7751437352914792, 37.2450224820662967
126.7751437352914792, 37.2450224820662967
126.7751442340716039, 37.2450089731081491
126.7751442340716039, 37.2450089731081491
126.7751447328514587, 37.2449954641499801
126.7751452973156177, 37.2449789553563022
126.7751457612349668, 37.2449654817916311
126.7751462077941369, 37.2449522151817405
126.7751462154767665, 37.2449519539716931
126.7751467065727411, 37.2449387062233939
126.7751467065727411, 37.2449387062233939
126.7751468762761391, 37.2449340861431324
126.7751468762761391, 37.2449340861431324
126.7751473525209036, 37.2449205767611815
126.7751473525209036, 37.2449205767611815
126.7751478174986346, 37.2449070671673894
126.7751484267624562, 37.2448905682278166
126.7751489376011591, 37.2448770324593781
126.7751494355833302, 37.2448635505225667
126.7751495582555918, 37.2448601462082678
126.7751500229670967, 37.2448466456215499
126.7751500229670967, 37.2448466456215499
126.7751501710713313, 37.2448423766118850
126.7751501710713313, 37.2448423766118850
126.7751506811142121, 37.2448288678650528
126.7751506811142121, 37.2448288678650528
126.7751511798900736, 37.2448153589063935
126.7751517541669131, 37.2447992828833634
126.7751522298788842, 37.2447857915155254
126.7751527063853132, 37.2447722731259390
126.7751527087695536, 37.2447721920607435
126.7751532075441645, 37.2447586831019279
126.7751532075441645, 37.2447586831019279
126.7751533956656260, 37.2447538200377082
126.7751533956656260, 37.2447538200377082
126.7751538493730550, 37.2447403102316912
126.7751538493730550, 37.2447403102316912
126.7751543143468922, 37.2447268006374230
126.7751549283898669, 37.2447109056061407
126.7751554510210781, 37.2446973520345281
126.7751559712677363, 37.2446838795280684
126.7751561017617803, 37.2446805925195861
126.7751565554676176, 37.2446670827133630
126.7751565554676176, 37.2446670827133630
126.7751566717808345, 37.2446638945727528
126.7751566717808345, 37.2446638945727528
126.7751571367529948, 37.2446503849782786
126.7751571367529948, 37.2446503849782786
126.7751576129915492, 37.2446368755955604
126.7751583672963704, 37.2446158282089073
126.7751588668622560, 37.2446022922279454
126.7751591965867419, 37.2445929978115160
126.7751593428348400, 37.2445887918523368
126.7751596728240457, 37.2445794884286343
126.7751596728240457, 37.2445794884286343
126.7751598782880791, 37.2445736523701427
126.7751598782880791, 37.2445736523701427
126.7751603207249502, 37.2445601423518582
126.7751603207249502, 37.2445601423518582
126.7751607744282012, 37.2445466325453225
126.7751613155367210, 37.2445293843090539
126.7751617461761953, 37.2445158920933466
126.7751621663434776, 37.2445023726440851
126.7751622091347059, 37.2445013009938748
126.7751626515700991, 37.2444877909753842
126.7751626515700991, 37.2444877909753842
126.7751627848367804, 37.2444840263710830
126.7751627848367804, 37.2444840263710830
126.7751632836050533, 37.2444705174114858
126.7751637823730562, 37.2444570084518674
126.7751645825173341, 37.2444351688505790
126.7751650810196367, 37.2444216688981129
126.7751654365782201, 37.2444118792947236
126.7751655797865311, 37.2444081599383523
126.7751659353448872, 37.2443983703349346
126.7751659353448872, 37.2443983703349346
126.7751661879772485, 37.2443916970261171
126.7751661879772485, 37.2443916970261171
126.7751666754768394, 37.2443781878544939
126.7751666754768394, 37.2443781878544939
126.7751671629761319, 37.2443646786828424
126.7751677854708277, 37.2443477293792924
126.7751682845010066, 37.2443342114120952
126.7751687830010354, 37.2443207114593449
126.7751688256515621, 37.2443192612930503
126.7751693244161828, 37.2443057523330197
126.7751693244161828, 37.2443057523330197
126.7751694042944592, 37.2443034196685971
126.7751694042944592, 37.2443034196685971
126.7751698917921033, 37.2442899104967395
126.7751703792894347, 37.2442764013248464
126.7751709271698388, 37.2442600724619126
126.7751713916034646, 37.2442465808808478
126.7751718568315198, 37.2442330622780347
126.7751718843820470, 37.2442321255246327
126.7751723718781278, 37.2442186163525832
126.7751723718781278, 37.2442186163525832
126.7751726135068111, 37.2442119338244950
126.7751726135068111, 37.2442119338244950
126.7751730559359800, 37.2441984238052584
126.7751730559359800, 37.2441984238052584
126.7751741697702812, 37.2441682177435851
126.7751746685315766, 37.2441547087831495
126.7751747243026870, 37.2441531957778835
126.7751751209015936, 37.2441412440117574
126.7751751667306053, 37.2441396857584834
126.7751756091582678, 37.2441261757390478
126.7751756091582678, 37.2441261757390478
126.7751756592257664, 37.2441244733698653
126.7751756592257664, 37.2441244733698653
126.7751762143191172, 37.2441109654682165
126.7751767581455198, 37.2440974573547621
126.7751775898169910, 37.2440753119291728
126.7751780985182819, 37.2440618482164894
126.7751784510327724, 37.2440525452153892
126.7751786200752804, 37.2440483306720935
126.7751789948578249, 37.2440390371017784
126.7751789948578249, 37.2440390371017784
126.7751792351761679, 37.2440331656490287
126.7751792351761679, 37.2440331656490287
126.7751797226678434, 37.2440196564764392
126.7751797226678434, 37.2440196564764392
126.7751802101592205, 37.2440061473038142
126.7751808262700450, 37.2439886481335733
126.7751813022292424, 37.2439751477563306
126.7751817787179789, 37.2439616293645557
126.7751818005807536, 37.2439612692865509
126.7751822768042871, 37.2439477599019924
126.7751822768042871, 37.2439477599019924
126.7751824245131189, 37.2439438874221125
126.7751824245131189, 37.2439438874221125
126.7751828331368245, 37.2439303767668051
126.7751828331368245, 37.2439303767668051
126.7751832530267961, 37.2439168663232536
126.7751832530267961, 37.2439168663232536
126.7751847579533973, 37.2438722120038648
126.7751847579533973, 37.2438722120038648
126.7751851778421894, 37.2438587015601641
126.7751851778421894, 37.2438587015601641
126.7751853187709372, 37.2438539097058907
126.7751853187709372, 37.2438539097058907
126.7751858963912497, 37.2438404022270788
126.7751858963912497, 37.2438404022270788
126.7751869287485249, 37.2438190987097499
126.7751869287485249, 37.2438190987097499
126.7751871954307177, 37.2438127140555650
