126.7752131336547308, 37.2452930177323935
126.7752131336547308, 37.2452930177323935
126.7752134298920907, 37.2452860117917481
126.7752135846335904, 37.2452822836403499
126.7752138465406659, 37.2452752950788053
126.7752140971808643, 37.2452683063054764
126.7752140971808643, 37.2452683063054764
126.7752147235002411, 37.2452500773401312
126.7752147235002411, 37.2452500773401312
126.7752151804149889, 37.2452379915261886
126.7752156373295094, 37.2452259057122177
126.7752156373295094, 37.2452259057122177
126.7752161893475176, 37.2452105862979792
126.7752161893475176, 37.2452105862979792
126.7752164884501127, 37.2452011831598639
126.7752167990842338, 37.2451917712262741
126.7752167990842338, 37.2451917712262741
126.7752174404088521, 37.2451749484495025
126.7752176393740342, 37.2451689500491909
126.7752179216620760, 37.2451605018905596
126.7752181916236083, 37.2451520895490731
126.7752184479500386, 37.2451445241002403
126.7752189543692225, 37.2451292218531052
126.7752192106953828, 37.2451216564042369
126.7752194670214578, 37.2451140909553402
126.7752194670214578, 37.2451140909553402
126.7752198137303452, 37.2451057521542310
126.7752201494372457, 37.2450974041340928
126.7752205743870633, 37.2450844885944790
126.7752208440826820, 37.2450760852601164
126.7752208440826820, 37.2450760852601164
126.7752212222993791, 37.2450659085577627
126.7752216115177220, 37.2450557410744167
126.7752216115177220, 37.2450557410744167
126.7752225005459934, 37.2450312625639341
126.7752225005459934, 37.2450312625639341
126.7752228188921890, 37.2450231214984839
126.7752231372382852, 37.2450149804329982
126.7752231372382852, 37.2450149804329982
126.7752238460938941, 37.2449950947693225
126.7752239280916058, 37.2449926900471340
126.7752242878875961, 37.2449827563283833
126.7752246476834159, 37.2449728226096113
126.7752249355480672, 37.2449649513377850
126.7752254608037532, 37.2449505416543474
126.7752257368715760, 37.2449426881851977
126.7752260019374972, 37.2449348254970189
126.7752260019374972, 37.2449348254970189
126.7752263352416406, 37.2449257925025137
126.7752266572789352, 37.2449167592961956
126.7752271367042880, 37.2449039078657549
126.7752274810097930, 37.2448948840902219
126.7752274810097930, 37.2448948840902219
126.7752278478161685, 37.2448843286596869
126.7752282256241614, 37.2448737824481668
126.7752282256241614, 37.2448737824481668
126.7752290357025799, 37.2448519880954265
126.7752290357025799, 37.2448519880954265
126.7752293658266041, 37.2448430631876946
126.7752297069523166, 37.2448341474989562
126.7752297069523166, 37.2448341474989562
126.7752302722059312, 37.2448183777213586
126.7752305156884631, 37.2448116321429694
126.7752308038159583, 37.2448037518636497
126.7752310809415235, 37.2447958623652795
126.7752313833737787, 37.2447874956947871
126.7752319009429982, 37.2447733472209137
126.7752321231835282, 37.2447650241041188
126.7752323566906369, 37.2447567011990870
126.7752323566906369, 37.2447567011990870
126.7752326420440738, 37.2447492985153943
126.7752329386641321, 37.2447418960434646
126.7752329386641321, 37.2447418960434646
126.7752336708063154, 37.2447204517019443
126.7752336708063154, 37.2447204517019443
126.7752339798438470, 37.2447110938109276
126.7752343001479431, 37.2447017361316810
126.7752343001479431, 37.2447017361316810
126.7752351653370084, 37.2446788343107329
126.7752351653370084, 37.2446788343107329
126.7752354881818064, 37.2446705401215397
126.7752358112913953, 37.2446622369251159
126.7752358112913953, 37.2446622369251159
126.7752361114783639, 37.2446543298355977
126.7752364119301376, 37.2446464137388418
126.7752364119301376, 37.2446464137388418
126.7752376834060613, 37.2446123804464904
126.7752379394775346, 37.2446055900433990
126.7752381073192396, 37.2446010330132466
126.7752381950191278, 37.2445988176547615
126.7752385140299225, 37.2445910370901458
126.7752386637338304, 37.2445874800758645
126.7752389492093670, 37.2445796898686226
126.7752392459514823, 37.2445718998731650
126.7752392459514823, 37.2445718998731650
126.7752395414931783, 37.2445637673906376
126.7752398370347748, 37.2445556349080817
126.7752404930520669, 37.2445386952467743
126.7752407995950676, 37.2445305719832120
126.7752407995950676, 37.2445305719832120
126.7752411730343454, 37.2445205574101266
126.7752415467383571, 37.2445105338297964
126.7752418989850440, 37.2445012398362181
126.7752422721589340, 37.2444912342703418
126.7752422721589340, 37.2444912342703418
126.7752426752832235, 37.2444809769251393
126.7752430781424522, 37.2444707285871885
126.7752430781424522, 37.2444707285871885
126.7752444052544973, 37.2444355698116567
126.7752447585596229, 37.2444262397889503
126.7752448512919443, 37.2444238532927443
126.7752451008628469, 37.2444169005472219
126.7752454246228382, 37.2444081918125676
126.7752455356333030, 37.2444051838164967
126.7752458593931095, 37.2443964750818353
126.7752461718861383, 37.2443877661353824
126.7752461718861383, 37.2443877661353824
126.7752464688740019, 37.2443792010930323
126.7752469888011007, 37.2443642055134774
126.7752472857886232, 37.2443556404710918
126.7752475825111418, 37.2443470844359368
126.7752475825111418, 37.2443470844359368
126.7752477912864464, 37.2443415188059461
126.7752479997968180, 37.2443359621832002
126.7752484283489025, 37.2443248401422125
126.7752487401702979, 37.2443157706940724
126.7752491131835626, 37.2443046205724144
126.7752491131835626, 37.2443046205724144
126.7752493611637306, 37.2442977218701827
126.7752496094087036, 37.2442908141606921
126.7752501766434818, 37.2442753598467391
126.7752504356250540, 37.2442684703634654
126.7752506311546341, 37.2442633550956330
126.7752508156824547, 37.2442582306087573
126.7752511960046036, 37.2442479818467831
126.7752512731071874, 37.2442461267779308
126.7752519991563389, 37.2442256556402853
126.7752519991563389, 37.2442256556402853
126.7752524234679896, 37.2442146777149929
126.7752526301228926, 37.2442091841428109
126.7752528367777387, 37.2442036905706289
126.7752528367777387, 37.2442036905706289
126.7752537106726152, 37.2441797254689533
126.7752537106726152, 37.2441797254689533
126.7752540807864108, 37.2441694404660524
126.7752544511649546, 37.2441591464558854
126.7752544511649546, 37.2441591464558854
126.7752551990568719, 37.2441375492005236
126.7752551990568719, 37.2441375492005236
126.7752554815958632, 37.2441290920329209
126.7752557641347693, 37.2441206348653111
126.7752557641347693, 37.2441206348653111
126.7752561027078713, 37.2441106556850627
126.7752564410159124, 37.2441006855120307
126.7752573203287199, 37.2440761527416768
126.7752576803747218, 37.2440662100138695
126.7752579732606932, 37.2440581676029723
126.7752580972494059, 37.2440547182516823
126.7752582438783264, 37.2440501157612545
126.7752586266880570, 37.2440386323709660
126.7752586266880570, 37.2440386323709660
126.7752589847551974, 37.2440291402171226
126.7752593538239125, 37.2440196572822657
126.7752593538239125, 37.2440196572822657
126.7752603023223656, 37.2439950717386878
126.7752603023223656, 37.2439950717386878
126.7752605887089601, 37.2439868669854803
126.7752608750954408, 37.2439786622322728
126.7752608750954408, 37.2439786622322728
126.7752611238666418, 37.2439717365078593
126.7752615567572292, 37.2439593167874250
126.7752618403875289, 37.2439523556693359
126.7752621237528388, 37.2439454035584632
126.7752621237528388, 37.2439454035584632
126.7752624416954035, 37.2439376590217961
126.7752627483713042, 37.2439299142733304
126.7752627483713042, 37.2439299142733304
126.7752644124319943, 37.2438848303567767
126.7752644124319943, 37.2438848303567767
126.7752648724296876, 37.2438695722949973
126.7752648724296876, 37.2438695722949973
126.7752651551060978, 37.2438614936430099
126.7752654377824229, 37.2438534149910225
126.7752654377824229, 37.2438534149910225
126.7752657134474816, 37.2438459580507484
126.7752659781107951, 37.2438384918914309
126.7752664333908115, 37.2438256940781400
126.7752666980538976, 37.2438182279187942
126.7752666980538976, 37.2438182279187942
126.7752668342263433, 37.2438143642340478
