126.7751460526121150, 37.2438118505506495
126.7751460526121150, 37.2438118505506495
126.7751465511429672, 37.2438063985139181
126.7751465511429672, 37.2438063985139181
126.7751468505525310, 37.2437992844848793
126.7751468505525310, 37.2437992844848793
126.7751480811090516, 37.2437858073043628
126.7751480811090516, 37.2437858073043628
126.7751486587348353, 37.2437722998257925
126.7751486587348353, 37.2437722998257925
126.7751487754504467, 37.2437694811935387
126.7751487754504467, 37.2437694811935387
126.7751500060058589, 37.2437560040129085
126.7751500060058589, 37.2437560040129085
126.7751504822319220, 37.2437424946281936
126.7751504822319220, 37.2437424946281936
126.7751512173232697, 37.2437289991217213
126.7751512173232697, 37.2437289991217213
126.7751516935486933, 37.2437154897369140
126.7751516935486933, 37.2437154897369140
126.7751518611580934, 37.2437124737923710
126.7751518611580934, 37.2437124737923710
126.7751524547888096, 37.2437037881545905
126.7751524547888096, 37.2437037881545905
126.7751529310135936, 37.2436902787697193
126.7751529310135936, 37.2436902787697193
126.7751536263676968, 37.2436781343498140
126.7751536263676968, 37.2436781343498140
126.7751538667937155, 37.2436711093341160
126.7751538667937155, 37.2436711093341160
126.7751540888928901, 37.2436624077001426
126.7751542190858629, 37.2436575976195385
126.7751544972526574, 37.2436489060516891
126.7751546502435218, 37.2436440873874091
126.7751546502435218, 37.2436440873874091
126.7751548536746213, 37.2436364037838601
126.7751548536746213, 37.2436364037838601
126.7751552848318113, 37.2436228935516667
126.7751552848318113, 37.2436228935516667
126.7751556643968911, 37.2436142038898268
126.7751558737201236, 37.2436093862844260
126.7751558737201236, 37.2436093862844260
126.7751563161432813, 37.2435958762639459
126.7751563161432813, 37.2435958762639459
126.7751563613175847, 37.2435947235483624
126.7751563613175847, 37.2435947235483624
126.7751566028943699, 37.2435857429014305
126.7751566814304596, 37.2435826892335697
126.7751567248747762, 37.2435812120453633
126.7751568259439097, 37.2435781588010570
126.7751568259439097, 37.2435781588010570
126.7751568773353341, 37.2435764113955088
126.7751568773353341, 37.2435764113955088
126.7751573422908677, 37.2435629017985121
126.7751573422908677, 37.2435629017985121
126.7751576628410106, 37.2435527690712931
126.7751577734465371, 37.2435493915661411
126.7751577734465371, 37.2435493915661411
126.7751582384014881, 37.2435358819690805
126.7751582384014881, 37.2435358819690805
126.7751583206622144, 37.2435334682391641
126.7751583206622144, 37.2435334682391641
126.7751585478090561, 37.2435253615066912
126.7751586830342347, 37.2435203802883095
126.7751586830342347, 37.2435203802883095
126.7751591479885889, 37.2435068706911778
126.7751591479885889, 37.2435068706911778
126.7751594830319561, 37.2434989282069040
126.7751597232236236, 37.2434934442770356
126.7751597256077503, 37.2434933632118188
126.7751599204683970, 37.2434878874420505
126.7751599204683970, 37.2434878874420505
126.7751602435908751, 37.2434803502837966
126.7751602435908751, 37.2434803502837966
126.7751608212093970, 37.2434668428043665
126.7751608212093970, 37.2434668428043665
126.7751613360781988, 37.2434570021208842
126.7751615008965018, 37.2434536977325479
126.7751619477605374, 37.2434434862694914
126.7751620897808635, 37.2434401904648240
126.7751620897808635, 37.2434401904648240
126.7751622159008633, 37.2434309192561770
126.7751622730708476, 37.2434266755729197
126.7751626679973072, 37.2434174634904878
126.7751628504232002, 37.2434131771005923
126.7751628504232002, 37.2434131771005923
126.7751628774105654, 37.2434107262827183
126.7751628774105654, 37.2434107262827183
126.7751630043312900, 37.2434079438910075
126.7751630043312900, 37.2434079438910075
126.7751633514344860, 37.2433999745966346
126.7751635929496956, 37.2433944456304218
126.7751638732484167, 37.2433864480435872
126.7751640691677437, 37.2433809362447121
126.7751640691677437, 37.2433809362447121
126.7751643726860635, 37.2433740656224685
126.7751644740354351, 37.2433717694102171
126.7751644740354351, 37.2433717694102171
126.7751649389864781, 37.2433582598126733
126.7751649389864781, 37.2433582598126733
126.7751653701377563, 37.2433447495797481
126.7751653701377563, 37.2433447495797481
126.7751658350882309, 37.2433312399821475
126.7751658350882309, 37.2433312399821475
126.7751662662389691, 37.2433177297491582
126.7751662662389691, 37.2433177297491582
126.7751665444175018, 37.2433098042201607
126.7751665444175018, 37.2433098042201607
126.7751666182005437, 37.2433076787219974
126.7751666182005437, 37.2433076787219974
126.7751669817518803, 37.2432941672182594
126.7751674354348381, 37.2432806574087323
126.7751674354348381, 37.2432806574087323
126.7751676680007762, 37.2432719830076380
126.7751676680007762, 37.2432719830076380
126.7751681216832367, 37.2432584731980469
126.7751681216832367, 37.2432584731980469
126.7751683979738573, 37.2432490786408081
126.7751685190330733, 37.2432449623295341
126.7751685190330733, 37.2432449623295341
126.7751689727149937, 37.2432314525198720
126.7751689727149937, 37.2432314525198720
126.7751692425234040, 37.2432226616598356
126.7751692425234040, 37.2432226616598356
126.7751692955033036, 37.2432208602106840
126.7751692955033036, 37.2432208602106840
126.7751697717176569, 37.2432073508245267
126.7751697717176569, 37.2432073508245267
126.7751701690664419, 37.2431938399558859
126.7751701690664419, 37.2431938399558859
126.7751706340137616, 37.2431803303578661
126.7751706340137616, 37.2431803303578661
126.7751710313620208, 37.2431668194891472
126.7751710313620208, 37.2431668194891472
126.7751710583816873, 37.2431659007500855
126.7751710583816873, 37.2431659007500855
126.7751715345948753, 37.2431523913637719
126.7751715345948753, 37.2431523913637719
126.7751722471384568, 37.2431388954320610
126.7751722471384568, 37.2431388954320610
126.7751724121866488, 37.2431340499573409
126.7751724121866488, 37.2431340499573409
126.7751725312998161, 37.2431319162989496
126.7751725312998161, 37.2431319162989496
126.7751730413115894, 37.2431184075478896
126.7751730413115894, 37.2431184075478896
126.7751735175236689, 37.2431048981614765
126.7751735175236689, 37.2431048981614765
126.7751738335965115, 37.2430964506354485
126.7751738335965115, 37.2430964506354485
126.7751743098081363, 37.2430829412489572
126.7751743098081363, 37.2430829412489572
126.7751745599788933, 37.2430732848459343
126.7751746508220947, 37.2430694293210962
126.7751746508220947, 37.2430694293210962
126.7751751270331653, 37.2430559199345410
126.7751751270331653, 37.2430559199345410
126.7751753705811097, 37.2430464887126149
126.7751754507041682, 37.2430433810009447
126.7751754982615040, 37.2430421472200166
126.7751756009174215, 37.2430390399319080
126.7751756009174215, 37.2430390399319080
126.7751760883942609, 37.2430255307570590
126.7751760883942609, 37.2430255307570590
126.7751763836133279, 37.2430151091615613
126.7751764744728717, 37.2430120196761436
126.7751764744728717, 37.2430120196761436
126.7751769619491569, 37.2429985105012165
126.7751769619491569, 37.2429985105012165
126.7751771893543662, 37.2429903947606746
126.7751771893543662, 37.2429903947606746
126.7751771316215894, 37.2429808587409070
126.7751771316215894, 37.2429808587409070
126.7751776190972777, 37.2429673495659017
126.7751776190972777, 37.2429673495659017
126.7751770708652970, 37.2429603097247508
126.7751770711301873, 37.2429603007175132
126.7751772192237638, 37.2429560317063704
126.7751772192237638, 37.2429560317063704
126.7751770386363717, 37.2429472233675014
126.7751769515834752, 37.2429425173494195
126.7751772750713997, 37.2429338176202620
126.7751774503250033, 37.2429290083860991
126.7751774503250033, 37.2429290083860991
126.7751773927423358, 37.2429263667216262
126.7751773927423358, 37.2429263667216262
126.7751769220413394, 37.2429128575598511
126.7751769220413394, 37.2429128575598511
126.7751774320488209, 37.2428993488082369
126.7751774320488209, 37.2428993488082369
126.7751773315196147, 37.2428966342386687
126.7751773315196147, 37.2428966342386687
126.7751773931161381, 37.2428949230736563
126.7751773931161381, 37.2428949230736563
