126.7753000835290464, 37.2428976438156383
126.7753000835290464, 37.2428976438156383
126.7753001260514054, 37.2428965811722605
126.7753001260514054, 37.2428965811722605
126.7753004464875772, 37.2428883680453211
126.7753008432272566, 37.2428783268707591
126.7753011290692768, 37.2428701401302291
126.7753014264424820, 37.2428619445942175
126.7753017072515718, 37.2428539289913729
126.7753017072515718, 37.2428539289913729
126.7753022909779048, 37.2428367626607226
126.7753024671410884, 37.2428315388809139
126.7753027536356853, 37.2428229466024234
126.7753030288637603, 37.2428143541121770
126.7753033037034385, 37.2428061581525398
126.7753037667488343, 37.2427919455635177
126.7753040759172052, 37.2427837322246447
126.7753043853503101, 37.2427755098785198
126.7753043853503101, 37.2427755098785198
126.7753046737163913, 37.2427676205887579
126.7753049623472634, 37.2427597222917370
126.7753052794615627, 37.2427512387353943
126.7753057645268910, 37.2427378106238010
126.7753060706393455, 37.2427293178484078
126.7753063371432916, 37.2427217886367004
126.7753066157081747, 37.2427142326150147
126.7753068615514707, 37.2427074059685879
126.7753073720259636, 37.2426923471215616
126.7753075308293802, 37.2426873302965262
126.7753075308293802, 37.2426873302965262
126.7753077583594461, 37.2426795930710171
126.7753079746230469, 37.2426718556337235
126.7753082430674567, 37.2426623437686786
126.7753087384611064, 37.2426485643741998
126.7753090734439780, 37.2426390898086837
126.7753093867067804, 37.2426303538374412
126.7753096879084325, 37.2426216446761771
126.7753099035547564, 37.2426158448558340
126.7753105987373345, 37.2425983381548562
126.7753105987373345, 37.2425983381548562
126.7753108172605607, 37.2425909071756251
126.7753110360485920, 37.2425834671891351
126.7753111637190386, 37.2425791256957979
126.7753111637190386, 37.2425791256957979
126.7753117899779625, 37.2425616627603517
126.7753119444190304, 37.2425571775745681
126.7753121600464397, 37.2425506117145844
126.7753123754089302, 37.2425440548618312
126.7753125261416187, 37.2425396957775021
126.7753132513030181, 37.2425177195755310
126.7753132513030181, 37.2425177195755310
126.7753135283994652, 37.2425098300736153
126.7753137942294330, 37.2425019403599080
126.7753139695952456, 37.2424967436014995
126.7753139695952456, 37.2424967436014995
126.7753142714664136, 37.2424883949416738
126.7753150212961231, 37.2424671131446132
126.7753150676492311, 37.2424655368762600
126.7753153477818984, 37.2424571607711030
126.7753155604946471, 37.2424506939907047
126.7753157732073674, 37.2424442272103136
126.7753165251178018, 37.2424213412759002
126.7753165251178018, 37.2424213412759002
126.7753168034141709, 37.2424137942610116
126.7753170817104404, 37.2424062472461017
126.7753174491459021, 37.2423960523120741
126.7753176965749446, 37.2423891716217241
126.7753180530086610, 37.2423789674686390
126.7753183422875480, 37.2423706636330962
126.7753186453397234, 37.2423618914206429
126.7753189574159194, 37.2423535790013389
126.7753192694920301, 37.2423452665820278
126.7753194448749952, 37.2423408358630610
126.7753194448749952, 37.2423408358630610
126.7753197322807779, 37.2423318290385836
126.7753197322807779, 37.2423318290385836
126.7753200003691916, 37.2423242457827968
126.7753202569263209, 37.2423166713224916
126.7753205777242158, 37.2423072956243217
126.7753210998806139, 37.2422933725364302
126.7753214536825368, 37.2422840244952482
126.7753217388638944, 37.2422762432916912
126.7753220355763375, 37.2422684532926525
126.7753223186385014, 37.2422607441470674
126.7753228774693213, 37.2422451905353711
126.7753231105935896, 37.2422387962362080
126.7753233434529392, 37.2422324109442968
126.7753233434529392, 37.2422324109442968
126.7753236595004438, 37.2422239634160519
126.7753242719760323, 37.2422069688562871
126.7753242993995144, 37.2422064196259157
126.7753245604394152, 37.2421979260025822
126.7753248230684306, 37.2421893783357589
126.7753253744252362, 37.2421717788079079
126.7753253744252362, 37.2421717788079079
126.7753256545726401, 37.2421641687419083
126.7753259349848065, 37.2421565496686355
126.7753262032128276, 37.2421493449287837
126.7753263469143832, 37.2421448415163852
126.7753265931393969, 37.2421376183384893
126.7753265931393969, 37.2421376183384893
126.7753269405820475, 37.2421284864709818
126.7753272770231234, 37.2421193453844381
126.7753275044607335, 37.2421135277607860
126.7753287194260707, 37.2420779613131643
126.7753289135941372, 37.2420721250396909
126.7753289135941372, 37.2420721250396909
126.7753292133405978, 37.2420638484371409
126.7753295130869873, 37.2420555718345838
126.7753298266064235, 37.2420468268550877
126.7753298266064235, 37.2420468268550877
126.7753303278803827, 37.2420301636570912
126.7753305274871707, 37.2420245257547862
126.7753308382344528, 37.2420162583711800
126.7753311390396647, 37.2420079457395445
126.7753314316338589, 37.2419999123326022
126.7753319501981224, 37.2419857278218984
126.7753322771205973, 37.2419776770357061
126.7753326037781250, 37.2419696352567371
126.7753328179708774, 37.2419642679953427
126.7753328179708774, 37.2419642679953427
126.7753331488660677, 37.2419560821003799
126.7753336963375119, 37.2419424478787420
126.7753339775038626, 37.2419332697040772
126.7753342429198966, 37.2419250104805357
126.7753344149606818, 37.2419195432923118
126.7753346495100999, 37.2419119503933871
126.7753351220519278, 37.2418966475012780
126.7753354249933295, 37.2418890288511193
126.7753357169332133, 37.2418814009819528
126.7753359113831664, 37.2418763217406479
126.7753359113831664, 37.2418763217406479
126.7753361799768612, 37.2418679544300275
126.7753364375690666, 37.2418595779003851
126.7753366178201588, 37.2418538314873757
126.7753372286964151, 37.2418368909698572
126.7753374424812449, 37.2418311541993674
126.7753376605038369, 37.2418252733128625
126.7753382674063261, 37.2418084679039794
126.7753392785696178, 37.2418024487172374
126.7753392785696178, 37.2418024487172374
126.7753412944061182, 37.2417852642399225
126.7753412944061182, 37.2417852642399225
126.7753427538252282, 37.2417735847874098
126.7753434916839410, 37.2417676595981462
126.7753440444286923, 37.2417530791912981
126.7753442819273317, 37.2417469192917281
126.7753445040637388, 37.2417412818126010
126.7753450605159458, 37.2417265753041846
126.7753450834362212, 37.2417261791969807
126.7753460051392409, 37.2417205188177149
126.7753464597877695, 37.2417054408944566
126.7753471740213769, 37.2416823019066712
126.7753471740213769, 37.2416823019066712
126.7753485052269156, 37.2416477650351538
126.7753489453827882, 37.2416362466691808
126.7753495304374951, 37.2416205673775309
126.7753498630395228, 37.2416119399150034
126.7753499378727611, 37.2416097783869304
126.7753499703280085, 37.2416090580187458
126.7753499703280085, 37.2416090580187458
126.7753499705928562, 37.2416090490115010
