126.7751545582003558, 37.2428944217398623
126.7751546557582429, 37.2428761557924872
126.7751546692184803, 37.2428733983044893
126.7751546693261560, 37.2428722447416334
126.7751547110148351, 37.2428631612018748
126.7751547371240548, 37.2428569072081146
126.7751547516438535, 37.2428541136911093
126.7751547510479355, 37.2428510675476545
126.7751547389707127, 37.2428380626790698
126.7751547406927131, 37.2428318713124469
126.7751547367360558, 37.2428205068215235
126.7751547263803218, 37.2428135762253447
126.7751547283256741, 37.2428115935722701
126.7751547239880381, 37.2428071414512587
126.7751546953460746, 37.2427943165157345
126.7751546783843821, 37.2427883771401724
126.7751546614308751, 37.2427766879647706
126.7751546371430180, 37.2427690811897207
126.7751546299823957, 37.2427628085460327
126.7751546189145984, 37.2427597351690167
126.7751545207783295, 37.2427511897343138
126.7751544375259840, 37.2427444380122949
126.7751543522952034, 37.2427381368643822
126.7751542090269510, 37.2427265264245335
126.7751541263043293, 37.2427197566880182
126.7751539840789832, 37.2427073441796423
126.7751536907789927, 37.2426839699648440
126.7751536084453505, 37.2426768036976554
126.7751535589342637, 37.2426735042923269
126.7751535825843376, 37.2426700170054872
126.7751537332261194, 37.2426487960452803
126.7751538073548261, 37.2426382260977675
126.7751538509462108, 37.2426313776255000
126.7751538938836120, 37.2426249346911007
126.7751540443671416, 37.2426025691750695
126.7751541097871950, 37.2425938285456581
126.7751540204750569, 37.2425888160692011
126.7751538957411128, 37.2425823249218411
126.7751537902370558, 37.2425763298083723
126.7751537885068984, 37.2425760053357209
126.7751535220357084, 37.2425613013862176
126.7751533724757280, 37.2425529712780587
126.7751532421622898, 37.2425459032433253
126.7751532249107527, 37.2425449566353137
126.7751531298783476, 37.2425389887553422
126.7751529707320799, 37.2425286847894697
126.7751529338283234, 37.2425261065991222
126.7751529950409832, 37.2425067765249196
126.7751530133092928, 37.2424996391852829
126.7751530330428267, 37.2424928353255353
126.7751530330428267, 37.2424928353255353
126.7751530641143347, 37.2424710803958376
126.7751530896490664, 37.2424567964974642
126.7751530896490664, 37.2424567964974642
126.7751526792157080, 37.2424473710060937
126.7751521943877151, 37.2424362588300113
126.7751521943877151, 37.2424362588300113
126.7751527072459226, 37.2424138370394928
126.7751527183714728, 37.2424134587351290
126.7751528485415946, 37.2424078826139890
126.7751528485415946, 37.2424078826139890
126.7751529763109204, 37.2424016215185247
126.7751529763109204, 37.2424016215185247
126.7751531838298718, 37.2423934152812777
126.7751531838298718, 37.2423934152812777
126.7751539373942933, 37.2423712413453742
126.7751539373942933, 37.2423712413453742
126.7751544811963242, 37.2423577332280615
126.7751544811963242, 37.2423577332280615
126.7751546409603094, 37.2423538339372442
126.7751546409603094, 37.2423538339372442
126.7751554777500331, 37.2423311298442528
126.7751554777500331, 37.2423311298442528
126.7751557214847651, 37.2423243752560964
126.7751559764857916, 37.2423176208797244
126.7751559764857916, 37.2423176208797244
126.7751562314867328, 37.2423108665033240
126.7751564752212659, 37.2423041119151605
126.7751564752212659, 37.2423041119151605
126.7751572935906808, 37.2422816508058432
126.7751572935906808, 37.2422816508058432
126.7751575485912241, 37.2422748964294001
126.7751578035916822, 37.2422681420529500
126.7751578035916822, 37.2422681420529500
126.7751583023260338, 37.2422546330882511
126.7751583023260338, 37.2422546330882511
126.7751590831861819, 37.2422322974448576
126.7751590831861819, 37.2422322974448576
126.7751595931860606, 37.2422187886918366
126.7751595931860606, 37.2422187886918366
126.7751603872894748, 37.2421960026858940
126.7751603872894748, 37.2421960026858940
126.7751608143608735, 37.2421845471615995
126.7751608143608735, 37.2421845471615995
126.7751612902958698, 37.2421710467803848
126.7751612902958698, 37.2421710467803848
126.7751620051445087, 37.2421486558224686
126.7751620051445087, 37.2421486558224686
126.7751624813436280, 37.2421351464338954
126.7751624813436280, 37.2421351464338954
126.7751629462761400, 37.2421216368335166
126.7751629462761400, 37.2421216368335166
126.7751637576108266, 37.2420990313956466
126.7751637576108266, 37.2420990313956466
126.7751639900767344, 37.2420922765954217
126.7751642225425854, 37.2420855217951683
126.7751642225425854, 37.2420855217951683
126.7751642854622531, 37.2420837655936907
126.7751642854622531, 37.2420837655936907
126.7751650521362308, 37.2420615288174801
126.7751650521362308, 37.2420615288174801
126.7751655170671654, 37.2420480192169023
126.7751655170671654, 37.2420480192169023
126.7751659932641104, 37.2420345098280663
126.7751659932641104, 37.2420345098280663
126.7751667457562803, 37.2420123719195928
126.7751667457562803, 37.2420123719195928
126.7751672219524579, 37.2419988625306573
126.7751672219524579, 37.2419988625306573
126.7751676981483371, 37.2419853531416862
126.7751676981483371, 37.2419853531416862
126.7751686384400500, 37.2419625788950341
126.7751686384400500, 37.2419625788950341
126.7751687608351716, 37.2419591835862178
126.7751687608351716, 37.2419591835862178
126.7751692370301555, 37.2419456741971331
126.7751692370301555, 37.2419456741971331
126.7751699424588452, 37.2419232199757388
126.7751699424588452, 37.2419232199757388
126.7751704186530617, 37.2419097105865546
126.7751704186530617, 37.2419097105865546
126.7751708948470082, 37.2418962011973420
126.7751708948470082, 37.2418962011973420
126.7751716691960269, 37.2418737032101177
126.7751716691960269, 37.2418737032101177
126.7751719129257708, 37.2418669486213574
126.7751721453891776, 37.2418601938208198
126.7751721453891776, 37.2418601938208198
126.7751724001201552, 37.2418534484510673
126.7751729979299142, 37.2418373368141644
126.7751732303930225, 37.2418305820135842
126.7751734741222833, 37.2418238274247742
126.7751734741222833, 37.2418238274247742
126.7751737065852353, 37.2418170726241655
126.7751739503143398, 37.2418103180353199
126.7751739503143398, 37.2418103180353199
126.7751747717378521, 37.2417889023998967
126.7751747717378521, 37.2417889023998967
126.7751747754462599, 37.2417887762984350
126.7751747754462599, 37.2417887762984350
126.7751750079087998, 37.2417820214977766
126.7751752403712970, 37.2417752666971253
126.7751752403712970, 37.2417752666971253
126.7751756940297838, 37.2417617568840100
126.7751756940297838, 37.2417617568840100
126.7751765559788879, 37.2417389631394116
126.7751765559788879, 37.2417389631394116
126.7751767884408878, 37.2417322083386964
126.7751770209028450, 37.2417254535379740
126.7751770209028450, 37.2417254535379740
126.7751777810657501, 37.2417030544179539
126.7751777810657501, 37.2417030544179539
126.7751780022611428, 37.2416962994054188
126.7751782347226879, 37.2416895446046610
126.7751782347226879, 37.2416895446046610
126.7751784671841904, 37.2416827898038818
126.7751786996455934, 37.2416760350030884
126.7751786996455934, 37.2416760350030884
126.7751795777667638, 37.2416534578556053
126.7751795777667638, 37.2416534578556053
126.7751797986967404, 37.2416467118502510
126.7751800311577597, 37.2416399570494150
126.7751800311577597, 37.2416399570494150
126.7751806379156392, 37.2416212410464667
126.7751806379156392, 37.2416212410464667
126.7751811253695280, 37.2416077318682568
126.7751811253695280, 37.2416077318682568
126.7751811790169967, 37.2416062909203092
