126.7733741213384775, 37.2396530663089678
126.7733728379505180, 37.2396510955249624
126.7733701962895339, 37.2396470173647955
126.7733675645693268, 37.2396429844527219
126.7733666579937619, 37.2396416155642100
126.7733588415640327, 37.2396299058343914
126.7733564012331016, 37.2396262640482405
126.7733562718738227, 37.2396260633457388
126.7733528710241870, 37.2396209705460990
126.7733505927904787, 37.2396175661271158
126.7733465658217256, 37.2396115332893203
126.7733427006851343, 37.2396057468259229
126.7733396887100810, 37.2396012291117842
126.7733365468460107, 37.2395965287095407
126.7733365468460107, 37.2395965287095407
126.7733353064029416, 37.2395946308308439
126.7733353064029416, 37.2395946308308439
126.7733274410754376, 37.2395826678367783
126.7733274410754376, 37.2395826678367783
126.7733255967802108, 37.2395798393510020
126.7733255967802108, 37.2395798393510020
126.7733243560725782, 37.2395779504794504
126.7733243560725782, 37.2395779504794504
126.7733223070031983, 37.2395748027134061
126.7733223070031983, 37.2395748027134061
126.7733215517899623, 37.2395736529654968
126.7733215517899623, 37.2395736529654968
126.7733196205488895, 37.2395707146972512
126.7733196205488895, 37.2395707146972512
126.7733117552262172, 37.2395587517022548
126.7733117552262172, 37.2395587517022548
126.7733089069416792, 37.2395544173113038
126.7733089069416792, 37.2395544173113038
126.7733073533079704, 37.2395520539168814
126.7733073533079704, 37.2395520539168814
126.7733043431926205, 37.2395474731512692
126.7733043431926205, 37.2395474731512692
126.7732964778746378, 37.2395355101553776
126.7732964778746378, 37.2395355101553776
126.7732946977309751, 37.2395328000349366
126.7732946977309751, 37.2395328000349366
126.7732916768813851, 37.2395282010426101
126.7732916768813851, 37.2395282010426101
126.7732902740791161, 37.2395260748033934
126.7732902740791161, 37.2395260748033934
126.7732871236060532, 37.2395212841156393
126.7732871236060532, 37.2395212841156393
126.7732792582933712, 37.2395093211187245
126.7732792582933712, 37.2395093211187245
126.7732775213588781, 37.2395066748964965
126.7732775213588781, 37.2395066748964965
126.7732756765370823, 37.2395038644245133
126.7732756765370823, 37.2395038644245133
126.7732722343456970, 37.2394986446737022
126.7732722343456970, 37.2394986446737022
126.7732643690376051, 37.2394866816759063
126.7732643690376051, 37.2394866816759063
126.7732629667669926, 37.2394845374219088
126.7732629667669926, 37.2394845374219088
126.7732596005226071, 37.2394794182340192
126.7732596005226071, 37.2394794182340192
126.7732593847479166, 37.2394790897345160
126.7732593847479166, 37.2394790897345160
126.7732515194437752, 37.2394671267359669
126.7732515194437752, 37.2394671267359669
126.7732466645153124, 37.2394597354966947
126.7732466645153124, 37.2394597354966947
126.7732464270042101, 37.2394593795515547
126.7732464270042101, 37.2394593795515547
126.7732419601527880, 37.2394525904199654
126.7732419601527880, 37.2394525904199654
126.7732417121711279, 37.2394522072411576
126.7732417121711279, 37.2394522072411576
126.7732338468723867, 37.2394402442415640
126.7732338468723867, 37.2394402442415640
126.7732313437296199, 37.2394364390511328
126.7732313437296199, 37.2394364390511328
126.7732311174845563, 37.2394360833179192
126.7732311174845563, 37.2394360833179192
126.7732285816047408, 37.2394322414626302
126.7732285816047408, 37.2394322414626302
126.7732283765660384, 37.2394319311894932
126.7732283765660384, 37.2394319311894932
126.7732239223091000, 37.2394250972330525
126.7732239223091000, 37.2394250972330525
126.7732191425357797, 37.2394178335777681
126.7732191425357797, 37.2394178335777681
126.7732190885921995, 37.2394177514528764
126.7732190885921995, 37.2394177514528764
126.7732112688941726, 37.2394057712852558
126.7732112688941726, 37.2394057712852558
126.7732057771212624, 37.2393974217794153
126.7732057771212624, 37.2393974217794153
126.7732044177966486, 37.2393953504305273
126.7732044177966486, 37.2393953504305273
126.7732029178477404, 37.2393930781670264
126.7732029178477404, 37.2393930781670264
126.7732024213549948, 37.2393923298237368
126.7732024213549948, 37.2393923298237368
126.7731946016620839, 37.2393803496551570
126.7731946016620839, 37.2393803496551570
126.7731917539207984, 37.2393759972472083
126.7731917539207984, 37.2393759972472083
126.7731893804056540, 37.2393723837514301
126.7731893804056540, 37.2393723837514301
126.7731887008763323, 37.2393713435732892
126.7731887008763323, 37.2393713435732892
126.7731858418698465, 37.2393669909532861
126.7731858418698465, 37.2393669909532861
126.7731780221820230, 37.2393550107837186
126.7731780221820230, 37.2393550107837186
126.7731750880269743, 37.2393505305784771
126.7731750880269743, 37.2393505305784771
126.7731749804050736, 37.2393503573214275
126.7731749804050736, 37.2393503573214275
126.7731697159448885, 37.2393423275184503
126.7731697159448885, 37.2393423275184503
126.7731618962620246, 37.2393303473479520
126.7731618962620246, 37.2393303473479520
126.7731610543728351, 37.2393290788093836
126.7731610543728351, 37.2393290788093836
126.7731564804447260, 37.2393220984033704
126.7731564804447260, 37.2393220984033704
126.7731559302745268, 37.2393212589277525
126.7731559302745268, 37.2393212589277525
126.7731541721421848, 37.2393185672438278
126.7731541721421848, 37.2393185672438278
126.7731463068704301, 37.2393066042390686
126.7731463068704301, 37.2393066042390686
126.7731428976987473, 37.2393014121424955
126.7731428976987473, 37.2393014121424955
126.7731389600941441, 37.2392954080157565
126.7731389600941441, 37.2392954080157565
126.7731375038870283, 37.2392931816355315
126.7731375038870283, 37.2392931816355315
126.7731296386203752, 37.2392812186297846
126.7731296386203752, 37.2392812186297846
126.7731245470004637, 37.2392734444190197
126.7731245470004637, 37.2392734444190197
126.7731231769445230, 37.2392713548428702
126.7731231769445230, 37.2392713548428702
126.7731153116823037, 37.2392593918362920
126.7731153116823037, 37.2392593918362920
126.7731120211371234, 37.2392543822152220
126.7731120211371234, 37.2392543822152220
126.7731112984021422, 37.2392532781381718
126.7731112984021422, 37.2392532781381718
126.7731080730667088, 37.2392483508539129
126.7731080730667088, 37.2392483508539129
126.7731061960502217, 37.2392454857002733
126.7731061960502217, 37.2392454857002733
126.7730983307932178, 37.2392335226926861
126.7730983307932178, 37.2392335226926861
126.7730969175310207, 37.2392313692177623
126.7730969175310207, 37.2392313692177623
126.7730929691978474, 37.2392253468632290
126.7730929691978474, 37.2392253468632290
126.7730914909918596, 37.2392231020441145
126.7730914909918596, 37.2392231020441145
126.7730905634849563, 37.2392216786863699
126.7730905634849563, 37.2392216786863699
126.7730826979676664, 37.2392097246851037
126.7730826979676664, 37.2392097246851037
126.7730799039170648, 37.2392054634069822
126.7730799039170648, 37.2392054634069822
126.7730783505623720, 37.2392030910026506
126.7730783505623720, 37.2392030910026506
126.7730749626059321, 37.2391979443644487
126.7730749626059321, 37.2391979443644487
126.7730747358320542, 37.2391976066454333
126.7730690607874209, 37.2391889743062308
126.7730688342787317, 37.2391886275799919
126.7730668705847421, 37.2391856436360058
126.7730652412861048, 37.2391831706681415
126.7730632778575313, 37.2391801777168681
126.7730632778575313, 37.2391801777168681
126.7730620588990149, 37.2391783162885233
126.7730620588990149, 37.2391783162885233
126.7730589087191930, 37.2391735165881386
126.7730589087191930, 37.2391735165881386
126.7730530069043908, 37.2391645465292243
126.7730512050413125, 37.2391618089598779
126.7730510434767410, 37.2391615535777802
126.7730500937047111, 37.2391601207885827
126.7730492416138048, 37.2391588160084126
126.7730481302772887, 37.2391571278370748
126.7730481302772887, 37.2391571278370748
126.7730447211187226, 37.2391519357380005
126.7730447211187226, 37.2391519357380005
126.7730440848008442, 37.2391509594576391
126.7730440848008442, 37.2391509594576391
126.7730381180455339, 37.2391418980538873
126.7730362192978362, 37.2391390054536373
126.7730358521659326, 37.2391384578125439
126.7730339536835373, 37.2391355562049995
126.7730324542748406, 37.2391332659250978
126.7730305445268613, 37.2391303641055487
126.7730305445268613, 37.2391303641055487
126.7730305337912426, 37.2391303458791043
126.7730305337912426, 37.2391303458791043
126.7730254846033091, 37.2391226625848049
126.7730245136261260, 37.2391211843353105
126.7730194644393862, 37.2391135010407694
126.7730194534386641, 37.2391134918215698
126.7730176191060139, 37.2391107085796946
126.7730176081052917, 37.2391106993604950
126.7730176081052917, 37.2391106993604950
126.7730147708542603, 37.2391063741824553
126.7730147708542603, 37.2391063741824553
126.7730119226028052, 37.2391020397851733
126.7730119226028052, 37.2391020397851733
126.7730059461798504, 37.2390929241245843
126.7730059461798504, 37.2390929241245843
126.7730011991843355, 37.2390856971263489
126.7730011991843355, 37.2390856971263489
126.7729950606694018, 37.2390763440975761
126.7729933454905620, 37.2390737253172972
126.7729895804738902, 37.2390679857875568
126.7729878650303021, 37.2390653760144446
126.7729878650303021, 37.2390653760144446
126.7729831287737312, 37.2390581672419998
126.7729831287737312, 37.2390581672419998
126.7729764108063790, 37.2390478209770777
126.7729764108063790, 37.2390478209770777
126.7729736597097627, 37.2390436326025167
126.7729736597097627, 37.2390436326025167
126.7729709083483414, 37.2390394532351223
126.7729709083483414, 37.2390394532351223
126.7729651825651587, 37.2390306306796504
126.7729631230542537, 37.2390274556743890
126.7729624215295274, 37.2390263970566764
126.7729603504878924, 37.2390232308466480
126.7729603504878924, 37.2390232308466480
126.7729581927664100, 37.2390199458467350
126.7729581927664100, 37.2390199458467350
126.7729541046270185, 37.2390136955515274
126.7729541046270185, 37.2390136955515274
126.7729478300075527, 37.2390039884826578
126.7729478300075527, 37.2390039884826578
126.7729457264952515, 37.2390007766002995
126.7729457264952515, 37.2390007766002995
126.7729417137719992, 37.2389946448826095
126.7729417137719992, 37.2389946448826095
126.7729355038341623, 37.2389850381646212
126.7729339510185440, 37.2389826477441162
126.7729318799792111, 37.2389794815336543
126.7729303158979945, 37.2389770909011446
126.7729303158979945, 37.2389770909011446
126.7729286635461676, 37.2389746355221689
126.7729286635461676, 37.2389746355221689
126.7729262106645223, 37.2389710385523500
126.7729262109296542, 37.2389710295451124
126.7729208215362462, 37.2389630334295632
126.7729208215362462, 37.2389630334295632
126.7729127281035630, 37.2389511652511942
126.7729127281035630, 37.2389511652511942
126.7729088080286175, 37.2389453326791369
126.7729088080286175, 37.2389453326791369
126.7729086351991583, 37.2389450770848640
126.7729086351991583, 37.2389450770848640
126.7729064040542966, 37.2389419889715043
126.7729064040542966, 37.2389419889715043
126.7729014458084720, 37.2389350463858051
126.7729014458084720, 37.2389350463858051
126.7728930093698239, 37.2389233429844921
126.7728930093698239, 37.2389233429844921
126.7728896097721218, 37.2389185926600490
126.7728896097721218, 37.2389185926600490
126.7728894141460358, 37.2389183456490542
126.7728894141460358, 37.2389183456490542
126.7728860060646241, 37.2389138835561653
126.7728860060646241, 37.2389138835561653
126.7728816753869410, 37.2389082144896761
126.7728816753869410, 37.2389082144896761
126.7728725822209270, 37.2388969944024737
126.7728725822209270, 37.2388969944024737
126.7728709493529493, 37.2388950260495974
126.7728709493529493, 37.2388950260495974
126.7728703831506891, 37.2388943484910939
126.7728703831506891, 37.2388943484910939
126.7728654416052478, 37.2388883705264320
126.7728654416052478, 37.2388883705264320
126.7728615227231330, 37.2388836464792305
126.7728584306130131, 37.2388799383457467
126.7728545004659964, 37.2388752140863559
126.7728539339988743, 37.2388745455350332
126.7728521484481519, 37.2388724030766625
126.7728515817159263, 37.2388717435325702
126.7728515817159263, 37.2388717435325702
126.7728480399049573, 37.2388676123747260
126.7728480399049573, 37.2388676123747260
126.7728441646275712, 37.2388633217343283
126.7728441646275712, 37.2388633217343283
126.7728429546890254, 37.2388619200970723
126.7728429546890254, 37.2388619200970723
126.7728215675591343, 37.2388409968283014
126.7728159577568761, 37.2388355109721161
126.7727939557902914, 37.2388151799486167
126.7727906308111301, 37.2388121072997009
126.7727689912027671, 37.2387940181223343
126.7727435795510615, 37.2387761733901925
126.7727329335688751, 37.2387686911838784
126.7727024866276082, 37.2387545638649726
126.7726719593564155, 37.2387431657314636
126.7726467870263605, 37.2387348063450148
