126.7727821312133898, 37.2386256375951632
126.7727908768997764, 37.2386444484582313
126.7728026236170251, 37.2386696784221698
126.7728164159458402, 37.2386943430569630
126.7728301543406104, 37.2387189255652871
126.7728330068053992, 37.2387238818897970
126.7728470090960116, 37.2387483071416696
126.7728610116604955, 37.2387727233848551
126.7728634335172586, 37.2387766081634837
126.7728784847409145, 37.2388006295738734
126.7728935475047933, 37.2388246421872893
126.7729042743078338, 37.2388416337996802
126.7729194492153511, 37.2388656665443989
126.7729206576951952, 37.2388675007403478
126.7729362673415778, 37.2388913163571758
126.7729518772626420, 37.2389151229649329
126.7729518772626420, 37.2389151229649329
126.7729562625500108, 37.2389212346555283
126.7729562625500108, 37.2389212346555283
126.7729564241138007, 37.2389214900377539
126.7729564241138007, 37.2389214900377539
126.7729605333240812, 37.2389274072769751
126.7729605333240812, 37.2389274072769751
126.7729673436612075, 37.2389372956571663
126.7729673436612075, 37.2389372956571663
126.7729727276247331, 37.2389450933995150
126.7729727276247331, 37.2389450933995150
126.7729771521425590, 37.2389521701357893
126.7729771521425590, 37.2389521701357893
126.7729825952192186, 37.2389602573811658
126.7729825952192186, 37.2389602573811658
126.7729904376345473, 37.2389722289787386
126.7729904376345473, 37.2389722289787386
126.7729945772010467, 37.2389782639468976
126.7729945772010467, 37.2389782639468976
126.7729968572564019, 37.2389816053212428
126.7729968572564019, 37.2389816053212428
126.7729971913851870, 37.2389821253048225
126.7729971913851870, 37.2389821253048225
126.7730020994081741, 37.2389896256997659
126.7730020994081741, 37.2389896256997659
126.7730061430173549, 37.2389958571311013
126.7730061430173549, 37.2389958571311013
126.7730081564055524, 37.2389990673167404
126.7730081564055524, 37.2389990673167404
126.7730109963036398, 37.2390033024224607
126.7730109963036398, 37.2390033024224607
126.7730178366055753, 37.2390137050605645
126.7730178366055753, 37.2390137050605645
126.7730206464188427, 37.2390178134288377
126.7730206464188427, 37.2390178134288377
126.7730233487423277, 37.2390221270558825
126.7730233487423277, 37.2390221270558825
126.7730283458365363, 37.2390296651745345
126.7730283458365363, 37.2390296651745345
126.7730331075437817, 37.2390367752895770
126.7730331075437817, 37.2390367752895770
126.7730401163088771, 37.2390471991204706
126.7730411098171430, 37.2390486777937468
126.7730456423673786, 37.2390555312544294
126.7730466243449001, 37.2390570187229315
126.7730466243449001, 37.2390570187229315
126.7730493534446623, 37.2390611886575513
126.7730541007085634, 37.2390684066467585
126.7730541007085634, 37.2390684066467585
126.7730563235106729, 37.2390721615052414
126.7730575371652293, 37.2390742030784025
126.7730575371652293, 37.2390742030784025
126.7730604326026054, 37.2390784662646013
126.7730604326026054, 37.2390784662646013
126.7730646616427777, 37.2390849084639726
126.7730646616427777, 37.2390849084639726
126.7730675179812323, 37.2390893511589240
126.7730675179812323, 37.2390893511589240
126.7730725221081087, 37.2390970336037057
126.7730725221081087, 37.2390970336037057
126.7730803189574971, 37.2391090223626264
126.7730803189574971, 37.2391090223626264
126.7730836516418407, 37.2391141319118901
126.7730836516418407, 37.2391141319118901
126.7730859811414206, 37.2391177085327172
126.7730859811414206, 37.2391177085327172
126.7730908773854566, 37.2391252267269195
126.7730908773854566, 37.2391252267269195
126.7730948233276678, 37.2391313301465843
126.7730948233276678, 37.2391313301465843
126.7730978137992537, 37.2391358114133340
126.7731007589427037, 37.2391403008394164
126.7731037043515698, 37.2391447812581973
126.7731056677809534, 37.2391477742088384
126.7731068102651335, 37.2391495530879197
126.7731087506328436, 37.2391525636290766
126.7731087506328436, 37.2391525636290766
126.7731099575309770, 37.2391544518667388
126.7731099575309770, 37.2391544518667388
126.7731137877700860, 37.2391602737299010
126.7731158590868574, 37.2391634309302688
126.7731196895919510, 37.2391692437860229
126.7731216530225566, 37.2391722367364224
126.7731216530225566, 37.2391722367364224
126.7731250093044650, 37.2391773106796080
126.7731250093044650, 37.2391773106796080
126.7731287313940811, 37.2391829772997198
126.7731287313940811, 37.2391829772997198
126.7731330895384332, 37.2391896292068907
126.7731330895384332, 37.2391896292068907
126.7731354834564286, 37.2391933151854673
126.7731354834564286, 37.2391933151854673
126.7731413624864985, 37.2392022938239435
126.7731433146529270, 37.2392052865620826
126.7731453228836784, 37.2392082893672054
126.7731473093781602, 37.2392112647266629
126.7731473093781602, 37.2392112647266629
126.7731505993937873, 37.2392162923612702
126.7731505993937873, 37.2392162923612702
126.7731584418607440, 37.2392282639489594
126.7731584418607440, 37.2392282639489594
126.7731616449321166, 37.2392331818008060
126.7731616449321166, 37.2392331818008060
126.7731656914828449, 37.2392393141476532
126.7731656914828449, 37.2392393141476532
126.7731735339544485, 37.2392512857344471
126.7731735339544485, 37.2392512857344471
126.7731799720433088, 37.2392611851238797
126.7731799720433088, 37.2392611851238797
126.7731878032534638, 37.2392731564978803
126.7731878032534638, 37.2392731564978803
126.7731931863337991, 37.2392813687762825
126.7731931863337991, 37.2392813687762825
126.7731966078344215, 37.2392865250545029
126.7731966078344215, 37.2392865250545029
126.7732044503155464, 37.2392984966394849
126.7732044503155464, 37.2392984966394849
126.7732108269142230, 37.2393081875892165
126.7732108269142230, 37.2393081875892165
126.7732109245957446, 37.2393083155981017
126.7732109245957446, 37.2393083155981017
126.7732169515569183, 37.2393176304683919
126.7732169515569183, 37.2393176304683919
126.7732247940443102, 37.2393296020521731
126.7732247940443102, 37.2393296020521731
126.7732279369514004, 37.2393342664280382
126.7732279369514004, 37.2393342664280382
126.7732306377067886, 37.2393386340943309
126.7732306377067886, 37.2393386340943309
126.7732384801984011, 37.2393506056773020
126.7732384801984011, 37.2393506056773020
126.7732416563746227, 37.2393552887031589
126.7732416563746227, 37.2393552887031589
126.7732450470000600, 37.2393603452646715
126.7732450470000600, 37.2393603452646715
126.7732528894960922, 37.2393723168467901
126.7732528894960922, 37.2393723168467901
126.7732555894589126, 37.2393767115342982
126.7732555894589126, 37.2393767115342982
126.7732612287528866, 37.2393850277642855
126.7732612287528866, 37.2393850277642855
126.7732690712538925, 37.2393969993454803
126.7732690712538925, 37.2393969993454803
126.7732739410250815, 37.2394046522176723
126.7732739410250815, 37.2394046522176723
126.7732766824754407, 37.2394087863306069
126.7732766824754407, 37.2394087863306069
126.7732845249811930, 37.2394207579108851
126.7732845249811930, 37.2394207579108851
126.7732870157999940, 37.2394245989172887
126.7732870157999940, 37.2394245989172887
126.7732920574789688, 37.2394321558883092
126.7732920574789688, 37.2394321558883092
126.7732998999894676, 37.2394441274676637
126.7732998999894676, 37.2394441274676637
126.7733048703644272, 37.2394518092679192
126.7733048703644272, 37.2394518092679192
126.7733081668947506, 37.2394569992409004
126.7733081668947506, 37.2394569992409004
126.7733160094102232, 37.2394689708193170
126.7733160094102232, 37.2394689708193170
126.7733209898615456, 37.2394763103438535
126.7733209898615456, 37.2394763103438535
126.7733227869699988, 37.2394792100398178
126.7733227869699988, 37.2394792100398178
126.7733245364968155, 37.2394818114371660
126.7733245364968155, 37.2394818114371660
126.7733323677514079, 37.2394937828026755
126.7733323677514079, 37.2394937828026755
126.7733354860191213, 37.2394985188100591
126.7733354860191213, 37.2394985188100591
126.7733399633522993, 37.2395053351721046
126.7733399633522993, 37.2395053351721046
126.7733478058775205, 37.2395173067486596
126.7733478058775205, 37.2395173067486596
126.7733496428825077, 37.2395199999135471
126.7733496428825077, 37.2395199999135471
126.7733540601774962, 37.2395269413168037
126.7733540601774962, 37.2395269413168037
126.7733616217220458, 37.2395385020564120
126.7733616217220458, 37.2395385020564120
126.7733645289894469, 37.2395427474334468
126.7733645289894469, 37.2395427474334468
126.7733665259715394, 37.2395457500232965
126.7733665259715394, 37.2395457500232965
126.7733692524547564, 37.2395500100237697
126.7733692524547564, 37.2395500100237697
126.7733756455295975, 37.2395599085560107
126.7733756455295975, 37.2395599085560107
126.7733787863344190, 37.2395646449862383
126.7733787863344190, 37.2395646449862383
126.7733800259829025, 37.2395665698862004
126.7733800259829025, 37.2395665698862004
126.7733829438557223, 37.2395712210125325
126.7733829438557223, 37.2395712210125325
126.7733888314253221, 37.2395799114084198
126.7733888314253221, 37.2395799114084198
126.7733918874059782, 37.2395844659980710
126.7733918874059782, 37.2395844659980710
126.7733942874450861, 37.2395879448054714
126.7733942874450861, 37.2395879448054714
126.7734008556116834, 37.2395976393489434
126.7734008556116834, 37.2395976393489434
126.7734042763447633, 37.2396028226435547
126.7734042763447633, 37.2396028226435547
126.7734065165415842, 37.2396063705416367
126.7734065165415842, 37.2396063705416367
126.7734113325271466, 37.2396127877214340
126.7734113325271466, 37.2396127877214340
126.7734148431238737, 37.2396179817184603
126.7734148431238737, 37.2396179817184603
126.7734182942105718, 37.2396232827426203
126.7734208070441611, 37.2396271421848795
126.7734216156732430, 37.2396283920715021
126.7734230198064154, 37.2396304732731025
