126.7735429828225762, 37.2398130285107314
126.7735458642659125, 37.2398177690701573
126.7735458642659125, 37.2398177690701573
126.7735483671714434, 37.2398215832618718
126.7735483671714434, 37.2398215832618718
126.7735514523311622, 37.2398266791299903
126.7735514523311622, 37.2398266791299903
126.7735514743329333, 37.2398266975683185
126.7735514743329333, 37.2398266975683185
126.7735514743329333, 37.2398266975683185
126.7735514743329333, 37.2398266975683185
126.7735560587971975, 37.2398337051943429
126.7735560587971975, 37.2398337051943429
126.7735609502290828, 37.2398417730248923
126.7735609502290828, 37.2398417730248923
126.7735609502290828, 37.2398417730248923
126.7735609502290828, 37.2398417730248923
126.7735638409515815, 37.2398461983304827
126.7735638409515815, 37.2398461983304827
126.7735642182962721, 37.2398467822109964
126.7735642182962721, 37.2398467822109964
126.7735671310209540, 37.2398512259548227
126.7735671310209540, 37.2398512259548227
126.7735749848819466, 37.2398631977299175
126.7735749848819466, 37.2398631977299175
126.7735778863418830, 37.2398676412615970
126.7735778863418830, 37.2398676412615970
126.7735778863418830, 37.2398676412615970
126.7735778863418830, 37.2398676412615970
126.7735811659423035, 37.2398726416519565
126.7735811659423035, 37.2398726416519565
126.7735811659423035, 37.2398726416519565
126.7735811659423035, 37.2398726416519565
126.7735890198076021, 37.2398846134262271
126.7735890198076021, 37.2398846134262271
126.7735931295156888, 37.2398909001546841
126.7735931295156888, 37.2398909001546841
126.7735942408745728, 37.2398925883214460
126.7735942408745728, 37.2398925883214460
126.7735963656445222, 37.2398958456535638
126.7735963656445222, 37.2398958456535638
126.7735974767385017, 37.2398975428275349
126.7735974767385017, 37.2398975428275349
126.7736053306088166, 37.2399095146008463
126.7736053306088166, 37.2399095146008463
126.7736083509618368, 37.2399141316004929
126.7736083509618368, 37.2399141316004929
126.7736085450024461, 37.2399144326538760
126.7736085450024461, 37.2399144326538760
126.7736111772745886, 37.2399184475466711
126.7736111772745886, 37.2399184475466711
126.7736111882754813, 37.2399184567658210
126.7736111882754813, 37.2399184567658210
126.7736115876226961, 37.2399190590845137
126.7736115876226961, 37.2399190590845137
126.7736138205478795, 37.2399224716585735
126.7736138205478795, 37.2399224716585735
126.7736216631572717, 37.2399344432190134
126.7736216631572717, 37.2399344432190134
126.7736226338909518, 37.2399359304713684
126.7736226338909518, 37.2399359304713684
126.7736248778180084, 37.2399393522644147
126.7736248778180084, 37.2399393522644147
126.7736267441345746, 37.2399421991843198
126.7736267441345746, 37.2399421991843198
126.7736280710074084, 37.2399442248569414
126.7736280710074084, 37.2399442248569414
126.7736299370591411, 37.2399470807840487
126.7736299370591411, 37.2399470807840487
126.7736376073694657, 37.2399587787357333
126.7736376073694657, 37.2399587787357333
126.7736417393522999, 37.2399650748937603
126.7736417393522999, 37.2399650748937603
126.7736417393522999, 37.2399650748937603
126.7736417393522999, 37.2399650748937603
126.7736445114592527, 37.2399693177217657
126.7736445114592527, 37.2399693177217657
126.7736445114592527, 37.2399693177217657
126.7736445114592527, 37.2399693177217657
126.7736474896685479, 37.2399738347932328
