126.7735762358405651, 37.2402326897675522
126.7735602241918826, 37.2402391535006601
126.7735474810168199, 37.2402443211308380
126.7735309500764060, 37.2402510306976566
126.7735241163820632, 37.2402538040877076
126.7735218468780829, 37.2402546986681173
126.7735090986616058, 37.2402600374315469
126.7735068734261432, 37.2402609598810770
126.7735005957408987, 37.2402636085453906
126.7734856220204591, 37.2402698787627529
126.7734745167813060, 37.2402745454749322
126.7734706587684030, 37.2402761762118004
126.7734556853082211, 37.2402824374179957
126.7734444655497299, 37.2402871650585894
126.7734407333173294, 37.2402887350749978
126.7734381642679296, 37.2402898493245402
126.7734231905373861, 37.2402961195336388
126.7734083249583108, 37.2403025449831873
126.7733927797042384, 37.2403090838160082
