126.7733174505969771, 37.2404554614869454
126.7733221599281705, 37.2404628229474994
126.7733259369177716, 37.2404687396496996
126.7733337336733825, 37.2404807374025211
126.7733375809572323, 37.2404867488358775
126.7733414167105366, 37.2404927690644243
126.7733420321011977, 37.2404936908761499
126.7733459949628241, 37.2404996053490649
126.7733500225053689, 37.2405056201731028
126.7733539746323572, 37.2405115164193461
126.7733578216542156, 37.2405175368593646
126.7733616574105895, 37.2405235570873216
126.7733660719774065, 37.2405302100474032
126.7733740403870684, 37.2405421209045642
126.7733780013980152, 37.2405480984271691
126.7733819514085667, 37.2405540667305033
126.7733899308241234, 37.2405659868058692
126.7733899525609758, 37.2405660142514705
126.7733940280905642, 37.2405719308423002
126.7733981036207638, 37.2405778474330091
126.7734060830412091, 37.2405897675074087
126.7734062784080322, 37.2405900235249518
126.7734148290867751, 37.2406016839784115
126.7734221798653209, 37.2406116005240406
126.7734275292609283, 37.2406182800798220
126.7734349504223275, 37.2406277203007363
126.7734378073665056, 37.2406313789346086
126.7734410637926885, 37.2406352523644841
126.7734491597286848, 37.2406443628134909
126.7734557449509936, 37.2406511827746627
126.7734622477326241, 37.2406569737909479
126.7734678602296299, 37.2406619910325034
126.7734750755595456, 37.2406680838432749
126.7734811280975720, 37.2406727038117822
126.7734885873064030, 37.2406781703536254
126.7734937471734611, 37.2406813315732137
126.7735010812630208, 37.2406856872568923
126.7735057800161229, 37.2406880467260706
126.7735113181590236, 37.2406906112415541
126.7735148038860444, 37.2406920556818832
126.7735203350035249, 37.2406937098299977
126.7735242041746773, 37.2406947649450260
126.7735299628667036, 37.2406959637500350
126.7735335006824329, 37.2406967873260655
126.7735413597690695, 37.2406974758947982
126.7735448783655130, 37.2406978034365324
126.7735519123763623, 37.2406978005673821
126.7735573895474346, 37.2406978405105917
126.7735633746191581, 37.2406974754450459
126.7735694980646031, 37.2406970048353472
126.7735785229877479, 37.2406956154828919
126.7735854868812737, 37.2406945478501612
126.7735933496737033, 37.2406928121963716
126.7736007354460526, 37.2406908152269054
126.7736083043910043, 37.2406887225679739
126.7736131533076360, 37.2406871284903787
126.7736195996197779, 37.2406848795305052
126.7736233571850732, 37.2406835983764921
126.7736272240967423, 37.2406820489123902
126.7736364250267940, 37.2406785089441641
126.7736439874722123, 37.2406754879013775
126.7736515501821088, 37.2406724578508701
126.7736518808741977, 37.2406723288877046
126.7736594213163954, 37.2406692894056022
126.7736635295852068, 37.2406675822600803
126.7736696471888678, 37.2406650116866089
126.7736710616759837, 37.2406644434856204
126.7736772098967464, 37.2406619816343749
126.7736847723389957, 37.2406589605888811
126.7736997353869128, 37.2406526721222662
126.7737126335631785, 37.2406472190009836
126.7737275853405094, 37.2406409303187829
126.7737350616258567, 37.2406377724660729
126.7737425379105929, 37.2406346146128726
126.7737575009491735, 37.2406283261386122
126.7737649659659809, 37.2406251680720217
126.7737724422483012, 37.2406220102168390
126.7737874055470684, 37.2406157127313762
126.7737948705614741, 37.2406125546628317
126.7738023468413644, 37.2406093968056666
126.7738183148011615, 37.2406026676010384
