126.7738596589961446, 37.2406211452220077
126.7738499574746953, 37.2406252255385368
126.7738499574746953, 37.2406252255385368
126.7738349727067941, 37.2406314865792609
126.7738349727067941, 37.2406314865792609
126.7738200096735142, 37.2406377750635045
126.7738200096735142, 37.2406377750635045
126.7738050249007813, 37.2406440361002495
126.7738050249007813, 37.2406440361002495
126.7737900731287652, 37.2406503247924263
126.7737900731287652, 37.2406503247924263
126.7737750883512007, 37.2406565858252137
126.7737750883512007, 37.2406565858252137
126.7737601253082715, 37.2406628743015418
126.7737601253082715, 37.2406628743015418
126.7737488950387359, 37.2406675747358875
126.7737451517919425, 37.2406691355422552
126.7737339207254763, 37.2406738629968359
126.7737301884791350, 37.2406754330218703
126.7737301884791350, 37.2406754330218703
126.7737298347248895, 37.2406755795758926
126.7737298347248895, 37.2406755795758926
126.7737186935201521, 37.2406803177314458
126.7737186935201521, 37.2406803177314458
126.7737037304680854, 37.2406866062003132
126.7737037304680854, 37.2406866062003132
126.7736931492496950, 37.2406910845195824
126.7736931492496950, 37.2406910845195824
126.7736870313795805, 37.2406936641014497
126.7736870313795805, 37.2406936641014497
126.7736829231098028, 37.2406953712477602
126.7736829231098028, 37.2406953712477602
126.7736677767452136, 37.2407013768849424
126.7736677767452136, 37.2407013768849424
126.7736599053427682, 37.2407045543378956
126.7736599053427682, 37.2407045543378956
126.7736568714568790, 37.2407057589830188
126.7736568714568790, 37.2407057589830188
126.7736476592582449, 37.2407092987408248
126.7736476592582449, 37.2407092987408248
126.7736335750786765, 37.2407144501671183
126.7736335750786765, 37.2407144501671183
126.7736271174982363, 37.2407166989157616
126.7736271174982363, 37.2407166989157616
126.7736175402741594, 37.2407196189737064
126.7736175402741594, 37.2407196189737064
126.7736099713263087, 37.2407217116331282
126.7736099713263087, 37.2407217116331282
126.7736009820560668, 37.2407238046122018
126.7736009820560668, 37.2407238046122018
126.7735931305265922, 37.2407255404782944
126.7735931305265922, 37.2407255404782944
126.7735856441492928, 37.2407267424789623
126.7735856441492928, 37.2407267424789623
126.7735766304886056, 37.2407281320437562
126.7735766304886056, 37.2407281320437562
126.7735695886562155, 37.2407287836474694
126.7735695886562155, 37.2407287836474694
126.7735636035820193, 37.2407291487132497
126.7735636035820193, 37.2407291487132497
126.7735547750797167, 37.2407292259743343
126.7735547750797167, 37.2407292259743343
126.7735477410659684, 37.2407292288435556
126.7735477410659684, 37.2407292288435556
126.7735373795795510, 37.2407285382644062
126.7735373795795510, 37.2407285382644062
126.7735295204897739, 37.2407278496953325
126.7735295204897739, 37.2407278496953325
126.7735197457664071, 37.2407259895505547
126.7735197457664071, 37.2407259895505547
126.7735139986034625, 37.2407247819496590
126.7735139986034625, 37.2407247819496590
126.7735051306012792, 37.2407223710897242
126.7735051306012792, 37.2407223710897242
126.7734995994820935, 37.2407207169408636
126.7734995994820935, 37.2407207169408636
126.7734917814794500, 37.2407178662080440
126.7734917814794500, 37.2407178662080440
126.7734862546014085, 37.2407153019035420
126.7734862546014085, 37.2407153019035420
126.7734796921715343, 37.2407123035564211
126.7734796921715343, 37.2407123035564211
126.7734723468146996, 37.2407079476594802
126.7734723468146996, 37.2407079476594802
126.7734654551506424, 37.2407038796756424
126.7734654551506424, 37.2407038796756424
126.7734579959411150, 37.2406984131323426
126.7734579959411150, 37.2406984131323426
126.7734525847743043, 37.2406945983036408
126.7734525847743043, 37.2406945983036408
126.7734461229460834, 37.2406893307663083
126.7734461229460834, 37.2406893307663083
126.7734389186176571, 37.2406832471729601
126.7734389186176571, 37.2406832471729601
126.7734328422237411, 37.2406779057755273
126.7734328422237411, 37.2406779057755273
126.7734263284417153, 37.2406721055384793
126.7734263284417153, 37.2406721055384793
126.7734214677255125, 37.2406675890974626
126.7734214677255125, 37.2406675890974626
126.7734174827153595, 37.2406635757899664
126.7734174827153595, 37.2406635757899664
126.7734093755152571, 37.2406544651269442
126.7734093755152571, 37.2406544651269442
126.7734057515509249, 37.2406504405865419
126.7734057515509249, 37.2406504405865419
126.7734023322318819, 37.2406463568102168
126.7734023322318819, 37.2406463568102168
126.7733948998068740, 37.2406369163754363
126.7733948998068740, 37.2406369163754363
126.7733908336842745, 37.2406318290863396
126.7733908336842745, 37.2406318290863396
126.7733862933271496, 37.2406260028855556
126.7733862933271496, 37.2406260028855556
126.7733789425521138, 37.2406160863378375
126.7733789425521138, 37.2406160863378375
126.7733749586078886, 37.2406105049217544
126.7733749586078886, 37.2406105049217544
126.7733693457250865, 37.2406020540106937
126.7733693457250865, 37.2406020540106937
126.7733613663093308, 37.2405901339339707
126.7733613663093308, 37.2405901339339707
126.7733554300275500, 37.2405811812660161
126.7733534550226011, 37.2405781971139405
126.7733534550226011, 37.2405781971139405
126.7733454756117482, 37.2405662770362724
126.7733454756117482, 37.2405662770362724
126.7733392698763453, 37.2405569047360956
126.7733392698763453, 37.2405569047360956
126.7733312902047373, 37.2405449936648196
126.7733312902047373, 37.2405449936648196
126.7733253882582147, 37.2405360236168619
126.7733234247867244, 37.2405330306690558
126.7733234247867244, 37.2405330306690558
126.7733154566511473, 37.2405211108015308
126.7733154566511473, 37.2405211108015308
126.7733095547082627, 37.2405121407528767
126.7733075912379661, 37.2405091478048433
126.7733075912379661, 37.2405091478048433
126.7733030129887055, 37.2405023115188101
126.7733030129887055, 37.2405023115188101
126.7732951475793470, 37.2404903485213907
126.7732951475793470, 37.2404903485213907
126.7732926387023440, 37.2404863539676967
