126.7738993119552902, 37.2404538310075068
126.7738921530397960, 37.2404427555219399
126.7738921530397960, 37.2404427555219399
126.7738842878059700, 37.2404307835534851
126.7738842878059700, 37.2404307835534851
126.7738763992474134, 37.2404188381825065
126.7738763992474134, 37.2404188381825065
126.7738756440177781, 37.2404176884377307
126.7738677897900459, 37.2404057256874381
126.7738677897900459, 37.2404057256874381
126.7738599012365484, 37.2403937803155003
126.7738599012365484, 37.2403937803155003
126.7738597611387092, 37.2403935613871013
126.7738597611387092, 37.2403935613871013
126.7738518956498126, 37.2403815984239728
126.7738518956498126, 37.2403815984239728
126.7738449472267490, 37.2403710315792651
126.7738449472267490, 37.2403710315792651
126.7738402322832627, 37.2403638592900208
126.7738402322832627, 37.2403638592900208
126.7738323668003630, 37.2403518963257412
126.7738323668003630, 37.2403518963257412
126.7738266596446124, 37.2403432003324255
126.7738266596446124, 37.2403432003324255
126.7738219339685060, 37.2403360098161471
126.7738219339685060, 37.2403360098161471
126.7738140684912480, 37.2403240468508017
126.7738140684912480, 37.2403240468508017
126.7738083720755640, 37.2403153690830635
126.7738083720755640, 37.2403153690830635
126.7738058419693203, 37.2403113290794465
