126.7738439417113909, 37.2402726532249915
126.7738499083826298, 37.2402817235998000
126.7738499083826298, 37.2402817235998000
126.7738577510645399, 37.2402936951463559
126.7738577510645399, 37.2402936951463559
126.7738634587505402, 37.2403023731237610
126.7738634587505402, 37.2403023731237610
126.7738713014366283, 37.2403143446695211
126.7738713014366283, 37.2403143446695211
126.7738760158502345, 37.2403215349720611
126.7738760158502345, 37.2403215349720611
126.7738817340112831, 37.2403302401822884
126.7738817340112831, 37.2403302401822884
126.7738895767029987, 37.2403422117269827
126.7738895767029987, 37.2403422117269827
126.7738942916500235, 37.2403493840143938
126.7738942916500235, 37.2403493840143938
126.7739021343456045, 37.2403613555583277
126.7739021343456045, 37.2403613555583277
126.7739099998406829, 37.2403733185183441
126.7739099998406829, 37.2403733185183441
126.7739101399386215, 37.2403735374466862
126.7739101399386215, 37.2403735374466862
126.7739179826390483, 37.2403855089896965
126.7739179826390483, 37.2403855089896965
126.7739258368729622, 37.2403974717368911
126.7739258368729622, 37.2403974717368911
126.7739265923682126, 37.2403986124741166
126.7739265923682126, 37.2403986124741166
126.7739344350737127, 37.2404105840161748
126.7739344350737127, 37.2404105840161748
126.7739369348370957, 37.2404145062875003
