126.7740064940161631, 37.2396000456879364
126.7740206129398501, 37.2396086475264170
126.7740311458510689, 37.2396165330430406
126.7740426516298129, 37.2396265997894602
126.7740524606395951, 37.2396376349823655
126.7740619595203526, 37.2396500161763271
126.7740682319502525, 37.2396598042567533
126.7740783284897503, 37.2396752428221021
126.7740940403206622, 37.2396990512000485
126.7740953564664039, 37.2397010586414225
126.7741031964825424, 37.2397131202445522
126.7741110367661435, 37.2397251728399681
126.7741266135544436, 37.2397485911483273
126.7741346451013129, 37.2397606563512653
126.7741426766506834, 37.2397727215537131
126.7741556087057688, 37.2397925483173751
126.7741569898005167, 37.2397946471017391
