126.7751811790169967, 37.2416062909203092
126.7751811790169967, 37.2416062909203092
126.7751812652449814, 37.2416037420808266
126.7751812652449814, 37.2416037420808266
126.7751813520027326, 37.2416011752268332
126.7751813520027326, 37.2416011752268332
126.7751813893511752, 37.2415999052048292
126.7751813893511752, 37.2415999052048292
126.7751815913502043, 37.2415941862374851
126.7751817366643792, 37.2415903948212659
126.7751819614606745, 37.2415846672702031
126.7751821859920227, 37.2415789487263780
126.7751826353194389, 37.2415675026314759
126.7751827067138919, 37.2415654581978828
126.7751831227721482, 37.2415539934531239
126.7751831227721482, 37.2415539934531239
126.7751836102245449, 37.2415404842747435
126.7751836102245449, 37.2415404842747435
126.7751844161166730, 37.2415184465026883
126.7751844161166730, 37.2415184465026883
126.7751849035682739, 37.2415049373242013
126.7751849035682739, 37.2415049373242013
126.7751853910196047, 37.2414914281456930
126.7751853910196047, 37.2414914281456930
126.7751860924416007, 37.2414683429913467
126.7751860924416007, 37.2414683429913467
126.7751862333756634, 37.2414643171748168
126.7751862333756634, 37.2414643171748168
126.7751864771009309, 37.2414575625855093
126.7751867095599181, 37.2414508077844104
126.7751867095599181, 37.2414508077844104
126.7751873374322713, 37.2414283070422201
126.7751873374322713, 37.2414283070422201
126.7751878136157586, 37.2414147976517285
126.7751878136157586, 37.2414147976517285
126.7751882785327808, 37.2414012880494312
126.7751882785327808, 37.2414012880494312
126.7751892025031282, 37.2413786847260511
126.7751892025031282, 37.2413786847260511
126.7751896674193404, 37.2413651751236543
126.7751896674193404, 37.2413651751236543
126.7751904694379590, 37.2413421188964264
126.7751904694379590, 37.2413421188964264
126.7751909456195847, 37.2413286095057003
126.7751909456195847, 37.2413286095057003
126.7751914105346884, 37.2413150999031757
126.7751914105346884, 37.2413150999031757
126.7751922129576485, 37.2412924131847021
126.7751922129576485, 37.2412924131847021
126.7751924454148735, 37.2412856583833900
126.7751926778719991, 37.2412789035820708
126.7751926778719991, 37.2412789035820708
126.7751931540522605, 37.2412653941911742
126.7751931540522605, 37.2412653941911742
126.7751939828375782, 37.2412421942710665
126.7751939828375782, 37.2412421942710665
126.7751942178194753, 37.2412357369206646
126.7751944415351204, 37.2412292793585067
126.7751944415351204, 37.2412292793585067
126.7751951813906004, 37.2412064202313076
126.7751951813906004, 37.2412064202313076
126.7751956688354511, 37.2411929110519893
126.7751956688354511, 37.2411929110519893
126.7751959125577343, 37.2411861564623052
126.7751961450138225, 37.2411794016608653
126.7751961450138225, 37.2411794016608653
126.7751969288726599, 37.2411565794094983
126.7751969288726599, 37.2411565794094983
126.7751974163164022, 37.2411430702300592
126.7751974163164022, 37.2411430702300592
126.7751978924937077, 37.2411295608388073
126.7751986340762613, 37.2411070261839043
126.7751986340762613, 37.2411070261839043
126.7751991102527853, 37.2410935167925459
126.7751991102527853, 37.2410935167925459
126.7751995976951775, 37.2410800076129291
126.7751995976951775, 37.2410800076129291
126.7752005496245289, 37.2410576030828580
126.7752005496245289, 37.2410576030828580
126.7752010257999586, 37.2410440936913787
126.7752010257999586, 37.2410440936913787
126.7752010459304444, 37.2410434091404383
126.7752010459304444, 37.2410434091404383
126.7752017490851415, 37.2410214144965721
126.7752017490851415, 37.2410214144965721
126.7752020040717014, 37.2410146601184309
126.7752022477920661, 37.2410079055285195
126.7752022477920661, 37.2410079055285195
126.7752025027784839, 37.2410011511503711
126.7752027464986924, 37.2409943965604455
126.7752027464986924, 37.2409943965604455
126.7752036013909418, 37.2409714584846014
126.7752036013909418, 37.2409714584846014
126.7752038563769617, 37.2409647041063963
126.7752041000967580, 37.2409579495164280
126.7752041000967580, 37.2409579495164280
126.7752043660838979, 37.2409512043572235
126.7752049783325390, 37.2409357508819383
126.7752052220520227, 37.2409289962919203
126.7752054770375594, 37.2409222419136654
126.7752054770375594, 37.2409222419136654
126.7752057204920106, 37.2409154963308708
126.7752059754773910, 37.2409087419526017
126.7752059754773910, 37.2409087419526017
126.7752067278937034, 37.2408850719597453
126.7752067278937034, 37.2408850719597453
126.7752072265976011, 37.2408715629913232
126.7752072265976011, 37.2408715629913232
126.7752077253012004, 37.2408580540228797
126.7752077253012004, 37.2408580540228797
126.7752090218892818, 37.2408212454173082
126.7752090218892818, 37.2408212454173082
126.7752095093256628, 37.2408077362369667
126.7752095093256628, 37.2408077362369667
126.7752100080278694, 37.2407942272683385
126.7752100080278694, 37.2407942272683385
126.7752105067297492, 37.2407807182996748
126.7752105067297492, 37.2407807182996748
126.7752116890488026, 37.2407489453814406
126.7752116890488026, 37.2407489453814406
126.7752119493297442, 37.2407420108579430
126.7752119493297442, 37.2407420108579430
126.7752121817809865, 37.2407352560558991
126.7752124254982675, 37.2407285014656040
126.7752124254982675, 37.2407285014656040
126.7752132379830243, 37.2407062385087713
126.7752132379830243, 37.2407062385087713
126.7752137141507660, 37.2406927291163541
126.7752137141507660, 37.2406927291163541
126.7752139578675781, 37.2406859745260164
126.7752142013194288, 37.2406792289429092
126.7752142013194288, 37.2406792289429092
126.7752150620086411, 37.2406553266663565
126.7752150620086411, 37.2406553266663565
126.7752155494413699, 37.2406418174855602
126.7752155494413699, 37.2406418174855602
126.7752160256077048, 37.2406283080929654
126.7752166966122473, 37.2406093229276394
126.7752169403281357, 37.2406025683371809
126.7752171727778716, 37.2405958135349522
126.7752173676162215, 37.2405903377622280
126.7752178550475151, 37.2405768285812613
126.7752178550475151, 37.2405768285812613
126.7752180874969810, 37.2405700737790042
126.7752183312124288, 37.2405633191884888
126.7752183312124288, 37.2405633191884888
126.7752183343908428, 37.2405632111014882
126.7752183343908428, 37.2405632111014882
126.7752188105554865, 37.2405497017086873
126.7752188105554865, 37.2405497017086873
126.7752196385560666, 37.2405280608866036
126.7752196385560666, 37.2405280608866036
126.7752198822710881, 37.2405213062960385
126.7752201147199429, 37.2405145514937104
126.7752201147199429, 37.2405145514937104
126.7752205796174536, 37.2405010418890114
126.7752207194857732, 37.2404970521006931
126.7752211731168330, 37.2404835422841956
126.7752217663508674, 37.2404660516865675
126.7752217663508674, 37.2404660516865675
126.7752222312473549, 37.2404525420817478
126.7752222312473549, 37.2404525420817478
126.7752227074095686, 37.2404390326886414
126.7752227074095686, 37.2404390326886414
126.7752232604011908, 37.2404236772327195
126.7752237472991226, 37.2404101860658088
126.7752238131275817, 37.2404083307839855
126.7752242780227903, 37.2403948211790308
126.7752242780227903, 37.2403948211790308
126.7752246933878411, 37.2403829959298278
126.7752246933878411, 37.2403829959298278
126.7752251980123219, 37.2403681352372118
126.7752256513757914, 37.2403546344276393
126.7752257026364902, 37.2403532745445673
126.7752261449984417, 37.2403397645159302
126.7752261449984417, 37.2403397645159302
126.7752265986261762, 37.2403262546990064
126.7752265986261762, 37.2403262546990064
126.7752270024404311, 37.2403136722053389
126.7752270409875592, 37.2403127446702840
126.7752275016614902, 37.2403001452208855
126.7752279510691125, 37.2402875455596885
126.7752279510691125, 37.2402875455596885
126.7752282232451364, 37.2402794396694645
126.7752282232451364, 37.2402794396694645
126.7752283880951865, 37.2402726835962454
126.7752285529452223, 37.2402659275230192
126.7752288102885814, 37.2402583260387914
126.7752290319983359, 37.2402515530098484
126.7752292523836957, 37.2402448250171503
126.7752294995202220, 37.2402371872921307
126.7752296756359414, 37.2402304314306107
126.7752298404855651, 37.2402236753573419
126.7752298404855651, 37.2402236753573419
126.7752300053351036, 37.2402169192840518
126.7752301701846136, 37.2402101632107545
126.7752303241559986, 37.2402030103948931
126.7752304662084697, 37.2401962629053216
126.7752307622320842, 37.2401823625998531
126.7752307622320842, 37.2401823625998531
126.7752311031964609, 37.2401688506649222
126.7752311031964609, 37.2401688506649222
126.7752312356091835, 37.2401635809997060
126.7752312356091835, 37.2401635809997060
126.7752313692074893, 37.2401471542169844
126.7752313692074893, 37.2401471542169844
126.7752315084799619, 37.2401351345209832
126.7752315084799619, 37.2401351345209832
126.7752316258061143, 37.2401253945064497
126.7752316258061143, 37.2401253945064497
126.7752317076513862, 37.2401118777009259
126.7752317076513862, 37.2401118777009259
126.7752316878375751, 37.2400983679967936
126.7752316878375751, 37.2400983679967936
126.7752317651986260, 37.2400857703543267
126.7752317651986260, 37.2400857703543267
126.7752317540101075, 37.2400781007368806
126.7752317540101075, 37.2400781007368806
126.7752317119288392, 37.2400645816019065
126.7752317119288392, 37.2400645816019065
126.7752316061283295, 37.2400578294534625
126.7752315118586779, 37.2400510685095298
126.7752315118586779, 37.2400510685095298
126.7752314824133038, 37.2400447864322004
126.7752314824133038, 37.2400447864322004
126.7752314339541471, 37.2400414509964861
126.7752314339541471, 37.2400414509964861
126.7752310646290681, 37.2400279437349297
126.7752310646290681, 37.2400279437349297
126.7752307638738927, 37.2400163213181585
126.7752307638738927, 37.2400163213181585
126.7752307307099215, 37.2400151491049698
126.7752307307099215, 37.2400151491049698
126.7752303125460855, 37.2400044527409690
126.7752303125460855, 37.2400044527409690
126.7752296963620040, 37.2399935904347714
126.7752296963620040, 37.2399935904347714
126.7752290749182862, 37.2399844403532754
126.7752290749182862, 37.2399844403532754
126.7752279497128995, 37.2399709549327724
126.7752279497128995, 37.2399709549327724
126.7752269076636935, 37.2399596249981286
126.7752269076636935, 37.2399596249981286
126.7752268419030628, 37.2399587946369550
126.7752268419030628, 37.2399587946369550
126.7752258979465694, 37.2399479622186718
126.7752258979465694, 37.2399479622186718
126.7752243406805093, 37.2399353698998894
126.7752243406805093, 37.2399353698998894
126.7752227393060309, 37.2399238942684576
126.7752227393060309, 37.2399238942684576
126.7752212647899199, 37.2399130879264462
126.7752212647899199, 37.2399130879264462
126.7752200140606078, 37.2399046379826828
126.7752200140606078, 37.2399046379826828
126.7752182521918769, 37.2398936369826146
126.7752182521918769, 37.2398936369826146
126.7752173414942121, 37.2398878069767463
126.7752164307966893, 37.2398819769708638
126.7752164307966893, 37.2398819769708638
126.7752146111702558, 37.2398721735116141
126.7752146111702558, 37.2398721735116141
126.7752128454903158, 37.2398624521763892
126.7752128454903158, 37.2398624521763892
126.7752105924233348, 37.2398512887354940
126.7752105924233348, 37.2398512887354940
126.7752091125640135, 37.2398441142213485
126.7752091125640135, 37.2398441142213485
126.7752076694349626, 37.2398376073025830
126.7752076694349626, 37.2398376073025830
126.7752057003162776, 37.2398282876936406
126.7752057003162776, 37.2398282876936406
126.7752037326826695, 37.2398200676045761
126.7752037326826695, 37.2398200676045761
126.7752012842839946, 37.2398101802285311
126.7752012842839946, 37.2398101802285311
126.7751986540228017, 37.2397995774678989
126.7751986540228017, 37.2397995774678989
126.7751962089453883, 37.2397899605210583
126.7751962089453883, 37.2397899605210583
126.7751947903644094, 37.2397845355310793
126.7751947903644094, 37.2397845355310793
126.7751928671623034, 37.2397774878668457
126.7751928671623034, 37.2397774878668457
126.7751899972999325, 37.2397681333022561
126.7751899972999325, 37.2397681333022561
126.7751893051119936, 37.2397656058793984
126.7751893051119936, 37.2397656058793984
126.7751889439115729, 37.2397644725613546
126.7751861569031746, 37.2397557504101187
126.7751857841720096, 37.2397546258875636
126.7751822301064806, 37.2397440057621480
126.7751822301064806, 37.2397440057621480
126.7751783961239340, 37.2397337048153787
126.7751783961239340, 37.2397337048153787
126.7751743911574636, 37.2397230852265011
126.7751743911574636, 37.2397230852265011
126.7751707130644405, 37.2397136163348250
126.7751707130644405, 37.2397136163348250
126.7751677967320063, 37.2397062255622657
126.7751677967320063, 37.2397062255622657
126.7751650775016401, 37.2396994152772294
126.7751650775016401, 37.2396994152772294
126.7751613514517004, 37.2396908106578763
126.7751613514517004, 37.2396908106578763
126.7751576197170209, 37.2396827827142616
126.7751576197170209, 37.2396827827142616
126.7751525922038809, 37.2396720537816890
126.7751525922038809, 37.2396720537816890
126.7751476532485242, 37.2396621466264364
126.7751476532485242, 37.2396621466264364
126.7751424769150930, 37.2396522620456949
126.7751424769150930, 37.2396522620456949
126.7751394400181226, 37.2396466714521424
126.7751364146524367, 37.2396410720630300
126.7751364146524367, 37.2396410720630300
126.7751295636167583, 37.2396287227002816
126.7751295636167583, 37.2396287227002816
126.7751253221669430, 37.2396219288622135
126.7751253221669430, 37.2396219288622135
126.7751251189738753, 37.2396215555413477
126.7751251189738753, 37.2396215555413477
126.7751206145588583, 37.2396145044176947
126.7751206145588583, 37.2396145044176947
126.7751156495480132, 37.2396066335352813
126.7751156495480132, 37.2396066335352813
126.7751101282519244, 37.2395981303521992
126.7751101282519244, 37.2395981303521992
126.7751032620381864, 37.2395882140046908
126.7751032620381864, 37.2395882140046908
126.7750978058328428, 37.2395801806805196
126.7750978058328428, 37.2395801806805196
126.7750936015235368, 37.2395744239459034
126.7750936015235368, 37.2395744239459034
126.7750869341451079, 37.2395654125580293
126.7750869341451079, 37.2395654125580293
126.7750808978185688, 37.2395575575851367
126.7750808978185688, 37.2395575575851367
126.7750744821601643, 37.2395495693102347
126.7750744821601643, 37.2395495693102347
126.7750673212219397, 37.2395412425852541
126.7750673212219397, 37.2395412425852541
126.7750575456044402, 37.2395302171144849
126.7750575456044402, 37.2395302171144849
126.7750525200893890, 37.2395247874064168
126.7750525093532161, 37.2395247691801501
126.7750474948399244, 37.2395193486909122
126.7750474951048005, 37.2395193396836746
126.7750474951048005, 37.2395193396836746
126.7750472219329794, 37.2395190461572909
126.7750422497114187, 37.2395141041110094
126.7750419762747640, 37.2395138195918918
126.7750367193513057, 37.2395085928144880
126.7750367193513057, 37.2395085928144880
126.7750258415539264, 37.2394982495764779
126.7750258415539264, 37.2394982495764779
126.7750146532226836, 37.2394881167935878
126.7750146532226836, 37.2394881167935878
126.7750130413688652, 37.2394865814515370
126.7750130413688652, 37.2394865814515370
126.7750114931373702, 37.2394851824889130
126.7750114931373702, 37.2394851824889130
126.7750033103502432, 37.2394778729578064
126.7750033103502432, 37.2394778729578064
126.7749948707086247, 37.2394708650135797
126.7749948707086247, 37.2394708650135797
126.7749832283222418, 37.2394616068908988
126.7749832170563309, 37.2394616066791144
126.7749765911382269, 37.2394565524334027
126.7749765911382269, 37.2394565524334027
126.7749705150071264, 37.2394519681461631
126.7749705150071264, 37.2394519681461631
126.7749614867711756, 37.2394454267831563
126.7749614867711756, 37.2394454267831563
126.7749555564445529, 37.2394412507863919
126.7749555564445529, 37.2394412507863919
126.7749493232636127, 37.2394370240349772
126.7749493232636127, 37.2394370240349772
126.7749404079713713, 37.2394312418208528
126.7749404079713713, 37.2394312418208528
126.7749329102216080, 37.2394267029050496
126.7749329102216080, 37.2394267029050496
126.7749223950333430, 37.2394205121000041
126.7749223950333430, 37.2394205121000041
126.7749117761942017, 37.2394140129296716
126.7749117761942017, 37.2394140129296716
126.7749047746930700, 37.2394102313561035
126.7748977847234499, 37.2394064409866772
126.7748967416225980, 37.2394058806436519
126.7748897398581107, 37.2394021080764759
126.7748897398581107, 37.2394021080764759
126.7748796893834253, 37.2393969804347407
126.7748796893834253, 37.2393969804347407
126.7748690015221626, 37.2393916785896479
126.7748689902562802, 37.2393916783778494
126.7748597606207710, 37.2393873862784801
126.7748597606207710, 37.2393873862784801
126.7748482992642067, 37.2393823222327853
126.7748482992642067, 37.2393823222327853
126.7748406053916881, 37.2393790863975411
126.7748406053916881, 37.2393790863975411
126.7748330031114961, 37.2393761857361909
126.7748322672446335, 37.2393759105475652
126.7748246073111318, 37.2393730538629768
126.7748169473781985, 37.2393701971779194
126.7748169473781985, 37.2393701971779194
126.7748075351248218, 37.2393667487909426
126.7748075351248218, 37.2393667487909426
126.7748069218584561, 37.2393665209681757
126.7748069218584561, 37.2393665209681757
126.7747964675808561, 37.2393632422473573
126.7747964675808561, 37.2393632422473573
126.7747840393744099, 37.2393592414864543
126.7747840393744099, 37.2393592414864543
126.7747775348125714, 37.2393573437916316
126.7747710525179485, 37.2393554555273383
126.7747644554454638, 37.2393536372026617
126.7747578583733201, 37.2393518188776369
126.7747578471074092, 37.2393518186658454
126.7747452142788660, 37.2393486431790706
126.7747452142788660, 37.2393486431790706
126.7747372805405206, 37.2393466645397666
126.7747372805405206, 37.2393466645397666
126.7747258073195979, 37.2393443039281493
126.7747258073195979, 37.2393443039281493
126.7747137750436650, 37.2393417886092166
126.7747137750436650, 37.2393417886092166
126.7747057701421340, 37.2393403133147629
126.7747057701421340, 37.2393403133147629
126.7746958249846614, 37.2393385041380753
126.7746958249846614, 37.2393385041380753
126.7746863796397889, 37.2393369476876117
126.7746863796397889, 37.2393369476876117
126.7746747521571962, 37.2393352330513565
126.7746747521571962, 37.2393352330513565
126.7746648254334190, 37.2393339469279283
126.7746648254334190, 37.2393339469279283
126.7746499252813379, 37.2393323600167179
126.7746499252813379, 37.2393323600167179
126.7746397561464988, 37.2393312676026653
126.7746397561464988, 37.2393312676026653
126.7746249237299168, 37.2393300604754600
126.7746249237299168, 37.2393300604754600
126.7746143355126236, 37.2393294198036315
126.7746143355126236, 37.2393294198036315
126.7746082894408914, 37.2393291799577923
126.7746082894408914, 37.2393291799577923
126.7745929494172117, 37.2393291348726194
126.7745929494172117, 37.2393291348726194
126.7745816382030739, 37.2393289312158728
126.7745816382030739, 37.2393289312158728
126.7745681040392043, 37.2393291904475134
126.7745681040392043, 37.2393291904475134
126.7745596558234382, 37.2393293740705218
126.7745512078726193, 37.2393295486856744
126.7745512078726193, 37.2393295486856744
126.7745511740749436, 37.2393295480502147
126.7745511740749436, 37.2393295480502147
126.7745355125253468, 37.2393304702330568
126.7745355125253468, 37.2393304702330568
126.7745301294251448, 37.2393306844476726
126.7745301294251448, 37.2393306844476726
126.7745222687633770, 37.2393312035554942
126.7745222687633770, 37.2393312035554942
126.7745077816531278, 37.2393324362079738
126.7745077816531278, 37.2393324362079738
126.7744987537164008, 37.2393331676847481
126.7744987537164008, 37.2393331676847481
126.7744893554682761, 37.2393342256505591
126.7744893554682761, 37.2393342256505591
126.7744748582892242, 37.2393358005743593
126.7744748582892242, 37.2393358005743593
126.7744627064066805, 37.2393377350222252
126.7744627064066805, 37.2393377350222252
126.7744478390532095, 37.2393400149485316
126.7744478387882481, 37.2393400239557621
126.7744390995352006, 37.2393416710911609
126.7744390995352006, 37.2393416710911609
126.7744256035770860, 37.2393444634611370
126.7744256035770860, 37.2393444634611370
126.7744134401721254, 37.2393471727389525
126.7744134401721254, 37.2393471727389525
126.7744011610658816, 37.2393503665002825
126.7744011610658816, 37.2393503665002825
126.7743910936442688, 37.2393530971624429
126.7743910936442688, 37.2393530971624429
126.7743799649815770, 37.2393562674924965
126.7743799649815770, 37.2393562674924965
126.7743700062430037, 37.2393591353798712
126.7743700062430037, 37.2393591353798712
126.7743613391065622, 37.2393621627364908
126.7743613391065622, 37.2393621627364908
126.7743476568142995, 37.2393666909539078
126.7743476568142995, 37.2393666909539078
126.7743354129724054, 37.2393709848633350
126.7743354129724054, 37.2393709848633350
126.7743252726612155, 37.2393746604332208
126.7743252726612155, 37.2393746604332208
126.7743143296936381, 37.2393787985572615
126.7743143296936381, 37.2393787985572615
126.7743057342600252, 37.2393820705882206
126.7743057342600252, 37.2393820705882206
126.7742917519034052, 37.2393876025262429
126.7742917519034052, 37.2393876025262429
126.7742842008790518, 37.2393906238279229
126.7742766385882192, 37.2393936449172571
126.7742766385882192, 37.2393936449172571
126.7742748819132430, 37.2393943508870464
126.7742748819132430, 37.2393943508870464
126.7742597355926506, 37.2394003656185220
126.7742597355926506, 37.2394003656185220
126.7742522060377297, 37.2394034233707600
126.7742520233986738, 37.2394035010463824
126.7742446649513539, 37.2394064899178829
126.7742444938431703, 37.2394065587981160
126.7742444938431703, 37.2394065587981160
126.7742294881450817, 37.2394127744390033
126.7742294878800919, 37.2394127834462552
126.7742212854206940, 37.2394161079218264
126.7742212854206940, 37.2394161079218264
126.7742063226626641, 37.2394223964650237
126.7742063226626641, 37.2394223964650237
126.7741922752179420, 37.2394282245706236
126.7741922752179420, 37.2394282245706236
126.7741877784237801, 37.2394301136865167
126.7741877784237801, 37.2394301136865167
126.7741727944534631, 37.2394363567653315
126.7741727941884875, 37.2394363657725833
126.7741653073054238, 37.2394395054316618
126.7741578316876456, 37.2394426453021126
126.7741578316876456, 37.2394426453021126
126.7741503338024671, 37.2394457757410962
126.7741428474475356, 37.2394488973842286
126.7741383393850896, 37.2394507862862838
126.7741308522342507, 37.2394539349503333
126.7741308522342507, 37.2394539349503333
126.7741233543468837, 37.2394570653875405
126.7741158567239239, 37.2394601868170056
126.7741158567239239, 37.2394601868170056
126.7741083701012315, 37.2394633174650735
126.7741008837429746, 37.2394664391054064
126.7741008837429746, 37.2394664391054064
126.7740960337265221, 37.2394684567585514
126.7740960337265221, 37.2394684567585514
126.7740928494659727, 37.2394697937713630
126.7740928494659727, 37.2394697937713630
126.7740853843132953, 37.2394729608706285
126.7740779081591143, 37.2394761187502752
126.7740704427402250, 37.2394792948558049
126.7740615733297744, 37.2394830664010215
126.7740553635888858, 37.2394857073617871
