126.7741636310243649, 37.2408241125413255
126.7741640078483130, 37.2408247144346234
126.7741694897550673, 37.2408334061762076
126.7741843902837644, 37.2408575958229946
126.7741972102691506, 37.2408785560147706
126.7742045051359838, 37.2408907605672539
126.7742117890039708, 37.2409029559002462
126.7742179238425280, 37.2409132100210343
126.7742251649066816, 37.2409257109639924
126.7742324062381414, 37.2409382028993150
126.7742383311372123, 37.2409486964012899
126.7742521610337718, 37.2409732624446477
126.7742655628174901, 37.2409970543966580
126.7742791741697914, 37.2410217695351307
126.7742861510979253, 37.2410344367397883
126.7742928901144381, 37.2410471445314002
126.7742996293981435, 37.2410598433154405
126.7743067782575679, 37.2410739466959768
126.7743191394957734, 37.2410990078237134
126.7743315122729655, 37.2411240601549380
126.7743364948171632, 37.2411344007485781
126.7743478454369921, 37.2411597132364278
126.7743592073302210, 37.2411850259351951
126.7743629721855712, 37.2411934600751238
126.7743732867372444, 37.2412191225797926
126.7743830133158411, 37.2412433140468124
126.7743877785383546, 37.2412564443420493
126.7743925440273784, 37.2412695656298780
126.7743971059318966, 37.2412827101260788
126.7744016791040451, 37.2412958548339716
126.7744024154092699, 37.2412980316134465
126.7744066160043275, 37.2413111963520507
126.7744108055995298, 37.2413243518714552
126.7744151115773263, 37.2413381494471594
126.7744189006369027, 37.2413518922417524
126.7744226896977153, 37.2413656350362459
126.7744247016747750, 37.2413734954806088
126.7744291396935523, 37.2413992817995805
126.7744310014440146, 37.2414130153905916
126.7744328521937689, 37.2414267397624883
126.7744341577895568, 37.2414402195657672
126.7744354749168707, 37.2414536905736355
126.7744362950943895, 37.2414637456156612
126.7744369550728436, 37.2414773304381015
126.7744376263176207, 37.2414909154723333
126.7744384927697894, 37.2415124259238794
126.7744388702984253, 37.2415260324719171
126.7744392475620856, 37.2415396480271639
126.7744393457802801, 37.2415501040562873
