126.7744412025753320, 37.2417644136548631
126.7744403928785459, 37.2417861899919487
126.7744395829160027, 37.2418079753361866
126.7744391309802552, 37.2418214220913626
126.7744382123970013, 37.2418484324839696
126.7744377470743444, 37.2418619510851414
126.7744372817513892, 37.2418754696863061
126.7744363293670347, 37.2419024794430769
126.7744353769814865, 37.2419294891997055
126.7744344245947730, 37.2419564989561920
126.7744335397852211, 37.2419819779048922
126.7744325787797095, 37.2420088973768273
126.7744316175080428, 37.2420358258558579
126.7744310848485867, 37.2420493341782333
126.7744305521888037, 37.2420628425005731
126.7744304597025007, 37.2420652199890299
