126.7744635199065613, 37.2422404084348884
126.7744628263413205, 37.2422540218782245
126.7744621325107204, 37.2422676443287841
126.7744610040819282, 37.2422929745001952
126.7744600634894425, 37.2423199664528610
126.7744591228957916, 37.2423469584053990
126.7744586465678793, 37.2423604677865328
126.7744581699747215, 37.2423739861748757
126.7744581242614998, 37.2423751569045933
126.7744571533111184, 37.2424020311271420
126.7744561823595859, 37.2424289053495272
126.7744552001404799, 37.2424557793599362
126.7744542291865741, 37.2424826535820515
126.7744536459227902, 37.2424986483262188
