126.7743815332558626, 37.2433865104863244
126.7743815337858422, 37.2433864924718492
126.7743818956993636, 37.2433799383784887
126.7743819620678636, 37.2433765330059501
126.7743821950758161, 37.2433636318831560
126.7743824263568655, 37.2433504062878242
126.7743826498246307, 37.2433378294256485
126.7743829037664938, 37.2433242167307696
126.7743831668377510, 37.2433091442272683
126.7743832698005804, 37.2433067939729767
126.7743838673010544, 37.2432929984816283
126.7743843080363035, 37.2432826156752199
126.7743845176716206, 37.2432777890652602
126.7743849597315489, 37.2432673612226139
126.7743855435796263, 37.2432536465844635
126.7743862929367680, 37.2432362220222544
126.7743868859305962, 37.2432225796537892
126.7743874673926285, 37.2432089460806779
126.7743884491721786, 37.2431859202855478
126.7743886540367981, 37.2431812558058368
126.7743886540367981, 37.2431812558058368
126.7743890627911298, 37.2431677451561498
126.7743890627911298, 37.2431677451561498
126.7743895391438684, 37.2431542357775598
126.7743895391438684, 37.2431542357775598
126.7743899366311950, 37.2431407249159676
126.7743899366311950, 37.2431407249159676
126.7743904129833794, 37.2431272155373065
126.7743904129833794, 37.2431272155373065
126.7743908217365885, 37.2431137048874845
126.7743908217365885, 37.2431137048874845
126.7743912980882186, 37.2431001955087382
126.7743912980882186, 37.2431001955087382
126.7743914942074497, 37.2430958282679043
126.7743914942074497, 37.2430958282679043
126.7743919705586677, 37.2430823188891225
126.7743919705586677, 37.2430823188891225
126.7743925821068842, 37.2430688120525488
126.7743925821068842, 37.2430688120525488
126.7743930584574912, 37.2430553026737030
126.7743930584574912, 37.2430553026737030
126.7743935870370109, 37.2430423169859139
