126.7744779195383273, 37.2430150546069854
126.7744775485856792, 37.2430291968239899
126.7744775261900685, 37.2430295749162994
126.7744770893465329, 37.2430425082562593
126.7744766811206176, 37.2430544688140870
126.7744766073188174, 37.2430565943112910
126.7744762210860188, 37.2430678072680195
126.7744759594034463, 37.2430755528603612
126.7744757919261502, 37.2430804793978822
126.7744753308310806, 37.2430938538807155
126.7744752313260079, 37.2430968530803383
126.7744750292637832, 37.2431025720432629
126.7744749538719446, 37.2431047515838998
126.7744748461524154, 37.2431080300080097
126.7744747498270499, 37.2431109211207314
126.7744743347103054, 37.2431231158666876
126.7744742989378466, 37.2431243318443066
126.7744742121517305, 37.2431268986963175
126.7744739221154191, 37.2431356080634188
126.7744736009389186, 37.2431449927617777
126.7744734701657876, 37.2431490548158877
126.7744732111320189, 37.2431567103356826
126.7744729841609654, 37.2431632759792350
126.7744725330057065, 37.2431766957099057
126.7744724637081788, 37.2431786680839636
126.7744720770804605, 37.2431902775708963
126.7744720739006681, 37.2431903856577833
126.7744719513416811, 37.2431941684873706
126.7744719313308366, 37.2431944655144918
126.7744714885265580, 37.2432079845365962
126.7744713210482388, 37.2432129110739822
126.7744710344555301, 37.2432215033467884
126.7744705795892628, 37.2432350491786934
126.7744705777343910, 37.2432351122293852
126.7744701268426013, 37.2432485229526264
126.7744698093741818, 37.2432577815493815
126.7744696711808103, 37.2432620958061804
126.7744692200234908, 37.2432755155365811
126.7744690610240923, 37.2432801538421856
126.7744687656860378, 37.2432890433538475
126.7744683124082599, 37.2433025351421207
126.7744683089634634, 37.2433026522362525
126.7744679971961119, 37.2433121001968459
126.7744675558421079, 37.2433251866591988
126.7744675399430747, 37.2433257270936764
126.7744670927591528, 37.2433390117152996
126.7744668302783282, 37.2433467843289634
126.7744666310008341, 37.2433527917351626
126.7744661883210711, 37.2433659232336183
126.7744660652310955, 37.2433697240775459
126.7744659614849922, 37.2433728673928854
126.7744654035623455, 37.2433811030868185
126.7744647031777419, 37.2433914990356953
126.7744645049226619, 37.2433944062561224
126.7744636591609861, 37.2434070615395285
126.7744635780570235, 37.2434082856769351
126.7744633205637967, 37.2434120569569274
126.7744625817462634, 37.2434229929164857
126.7744624152985011, 37.2434255853071363
126.7744616406983198, 37.2434369712050071
126.7744610337427957, 37.2434461071992260
126.7744607733343400, 37.2434499775588534
126.7744602938644078, 37.2434570791876638
126.7744600971987978, 37.2434599323645728
126.7744596964479200, 37.2434658909211507
126.7744590881668358, 37.2434750719515151
126.7744590105074849, 37.2434761789947473
126.7744581468520835, 37.2434890592470964
126.7744576726811943, 37.2434959807310051
126.7744571905605540, 37.2435031724321419
126.7744569496327074, 37.2435067637790809
126.7744568658785767, 37.2435080779888708
126.7744566276005287, 37.2435115792633979
126.7744564021788847, 37.2435150267063193
126.7744563440005408, 37.2435158547369412
126.7744560493989923, 37.2435201209913913
126.7744559896307237, 37.2435210030654531
126.7744557210069729, 37.2435251526494611
126.7744553445060376, 37.2435306700629880
126.7744550048473826, 37.2435357015091952
