126.7744550048473826, 37.2435357015091952
126.7744550021975130, 37.2435357915816070
126.7744547631242540, 37.2435393198778257
126.7744543845032439, 37.2435449093492537
126.7744542444255131, 37.2435469885389665
126.7744541439679438, 37.2435481041657255
126.7744537536692206, 37.2435525578773863
126.7744536542715963, 37.2435536374752019
126.7744529681647663, 37.2435612489150998
126.7744528009120870, 37.2435631022882063
126.7744525786698659, 37.2435664416442052
126.7744523857132890, 37.2435691687196737
126.7744516871787539, 37.2435795016173614
126.7744508423342182, 37.2435917423552567
126.7744507369787641, 37.2435934076355366
126.7744503020333440, 37.2435997620867951
126.7744498313053754, 37.2436065664764087
126.7744495508842419, 37.2436107338629583
126.7744488952858433, 37.2436203736267046
126.7744480267190568, 37.2436330374929412
126.7744479869616896, 37.2436336225398819
126.7744472718591879, 37.2436441353703600
126.7744470567709953, 37.2436472315307796
126.7744463477628898, 37.2436575371946859
126.7744461439411481, 37.2436606335669538
126.7744452327007991, 37.2436739815596383
126.7744448412214098, 37.2436796248624731
126.7744447387804740, 37.2436811910630681
126.7744439238856273, 37.2436931800216300
126.7744438112380720, 37.2436947099814120
126.7744428973466739, 37.2437081480463803
126.7744427775443086, 37.2437099212016705
126.7744419684784276, 37.2437217120008341
126.7744411765085459, 37.2437333048525261
126.7744410567060669, 37.2437350780078020
126.7744407420909454, 37.2437396412890891
