126.7741569898000051, 37.2397946470999983
126.7741663799999969, 37.2398095599999976
126.7741767133299930, 37.2398250416700023
126.7741878516700069, 37.2398416850000018
126.7741996066699954, 37.2398593166699996
126.7742116483299952, 37.2398774716699990
126.7742233000000027, 37.2398953233300034
126.7742344450000047, 37.2399122233300020
126.7742448966699982, 37.2399285233300006
126.7742548333300050, 37.2399439866699993
126.7742642850000010, 37.2399587150000002
126.7742733383300049, 37.2399725499999974
126.7742819233299940, 37.2399857166699988
126.7742908249999942, 37.2399995549999971
126.7743006583300058, 37.2400145699999996
126.7743125957100006, 37.2400312619500014
