126.7733769956300023, 37.2397698918000017
126.7733834944999955, 37.2397644454799988
126.7733902433299988, 37.2397572883299972
126.7733986049999970, 37.2397470599999991
126.7734029116700043, 37.2397363033299982
126.7734040349999987, 37.2397262583300019
126.7734031316699941, 37.2397166933300028
126.7734008766699958, 37.2397069316699998
126.7733971116699934, 37.2396967133299981
126.7733922583300057, 37.2396861716700016
126.7733864949999969, 37.2396755850000005
126.7733800533300013, 37.2396650649999970
126.7733741213399981, 37.2396530663099981
