126.7732156734900002, 37.2457911040799985
126.7732174086600025, 37.2457996464899992
126.7732208711699968, 37.2458065994199998
126.7732261666699998, 37.2458144066700001
126.7732304583300049, 37.2458242666699988
126.7732354366700065, 37.2458334600000001
126.7732411066699996, 37.2458419499999991
126.7732478583299951, 37.2458504066700016
126.7732559199999969, 37.2458586366700004
126.7732651999999973, 37.2458670616699976
126.7732754050000068, 37.2458755633300029
126.7732858483300049, 37.2458837799999998
126.7732964483300009, 37.2458919533300019
126.7733069266700028, 37.2459001349999994
126.7733169849999939, 37.2459085083299968
126.7733263549999947, 37.2459173683299980
126.7733350433299933, 37.2459263733300006
126.7733413333299950, 37.2459337666699994
126.7733456083300041, 37.2459398616700028
126.7733516416700041, 37.2459487566700034
126.7733581250000015, 37.2459594933299982
126.7733641250000005, 37.2459709016699989
126.7733688999999941, 37.2459822833300009
126.7733723433299957, 37.2459938616700015
126.7733744250000001, 37.2460057516699976
126.7733751399999989, 37.2460178350000035
126.7733749133300023, 37.2460297749999967
126.7733734983300025, 37.2460415616699976
126.7733709866700025, 37.2460534033300021
126.7733673099999976, 37.2460650516700014
126.7733625216699949, 37.2460762766700029
126.7733567150000056, 37.2460872283299977
126.7733499566700033, 37.2460976016700016
126.7733423066700027, 37.2461074599999975
126.7733337766700004, 37.2461167816699970
126.7733246049999991, 37.2461256050000031
126.7733146449999992, 37.2461339533300020
126.7733040483300044, 37.2461417366699976
126.7732929833299949, 37.2461487799999986
126.7732813616700014, 37.2461553283299978
126.7732692616699950, 37.2461611949999991
126.7732567550000056, 37.2461660700000010
126.7732442033299947, 37.2461700300000018
126.7732309200000032, 37.2461734150000012
126.7732171149999942, 37.2461760233300012
126.7732028000000071, 37.2461778449999983
126.7731881016700015, 37.2461788733300025
126.7731730699999986, 37.2461788833300034
126.7731580133300042, 37.2461778766699965
126.7731432266700011, 37.2461758183300020
126.7731287783300047, 37.2461728950000008
126.7731146550000005, 37.2461690900000022
126.7731008516699944, 37.2461643749999993
126.7730877366700071, 37.2461588999999975
126.7730751033300010, 37.2461527566699999
126.7730630416699995, 37.2461458300000032
126.7730514566700037, 37.2461383683300014
126.7730405583299955, 37.2461303666700019
126.7730303666699996, 37.2461218166699979
126.7730209650000006, 37.2461126833299971
126.7730125583299952, 37.2461029766700022
126.7730053866699933, 37.2460928566700034
126.7729991983299982, 37.2460824899999992
126.7729940450000043, 37.2460718099999966
126.7729900233299958, 37.2460609283300030
126.7729869650000012, 37.2460501066699976
126.7729849983300028, 37.2460388783299976
126.7729838550000068, 37.2460276983300034
126.7729838999999998, 37.2460164433299994
126.7729847616700027, 37.2460049800000021
126.7729867550000051, 37.2459932283300006
126.7729900283299997, 37.2459814766700035
126.7729944766699930, 37.2459697700000021
126.7730000766700016, 37.2459583733299979
126.7730070883300044, 37.2459472783300001
126.7730149416699987, 37.2459367700000001
126.7730237349999953, 37.2459268899999998
126.7730331783299960, 37.2459177866699989
126.7730431250000009, 37.2459092733299997
126.7730534683300050, 37.2459010016699992
126.7730640216699953, 37.2458930749999979
126.7730748033300046, 37.2458850916699973
126.7730855983299989, 37.2458772433299998
126.7730963716699932, 37.2458693466699984
126.7731065766700027, 37.2458611866699982
126.7731157033300065, 37.2458527133300024
126.7731238166699939, 37.2458440833299989
126.7731312216699990, 37.2458351133300027
126.7731380666700005, 37.2458255499999993
126.7731436133300065, 37.2458154766700034
126.7731480466700020, 37.2458048450000021
126.7731538059500025, 37.2457922832400001
