126.7744556135217380, 37.2439211747578582
126.7744524342255090, 37.2439322991445749
126.7744502909846176, 37.2439488233098999
126.7744497509353891, 37.2439560679945600
126.7744477058983108, 37.2439830481850009
126.7744474474602328, 37.2439857019312015
126.7744447159545018, 37.2440126421766919
126.7744443085462649, 37.2440165277962336
126.7744414195705076, 37.2440434560682476
126.7744411148687362, 37.2440457664800064
126.7744376072877230, 37.2440726470708370
126.7744363272224746, 37.2440801391946721
126.7744317739641104, 37.2441069280246992
126.7744303475429319, 37.2441124977929334
126.7744269482269885, 37.2441257359136415
126.7744235601763449, 37.2441389742460416
126.7744232498916688, 37.2441399417315466
126.7744148368119710, 37.2441661172476159
126.7744143739662377, 37.2441672891454587
126.7744042586905238, 37.2441930811758866
126.7744033002584985, 37.2441953883069417
126.7743925472829147, 37.2442210151370361
126.7743898167076395, 37.2442260827333129
126.7743764605962724, 37.2442509125974226
126.7743629709716942, 37.2442730002335551
126.7743484861584164, 37.2442944292861284
126.7743326812864240, 37.2443158965990548
126.7743258333863707, 37.2443248881954503
126.7743082559444900, 37.2443479804210469
126.7742995546237239, 37.2443582799835724
126.7742806335140813, 37.2443806800326769
126.7742798650045870, 37.2443815127296602
126.7742698942630426, 37.2443924282859840
126.7742599125169107, 37.2444033346222554
126.7742394094000815, 37.2444239475308905
126.7742283480320964, 37.2444343829504163
126.7742064918405163, 37.2444550064565547
126.7742000897776649, 37.2444603384550774
126.7741766773067980, 37.2444798331972393
126.7741704834697316, 37.2444846013399911
126.7741583148952031, 37.2444939705126856
126.7741461347859655, 37.2445033484793839
126.7741426808457561, 37.2445057979334919
126.7741173972757736, 37.2445237524338850
126.7740950604978281, 37.2445381033861693
126.7740703159664406, 37.2445534454571643
126.7740682406552253, 37.2445546320890699
126.7740407343254390, 37.2445703547993006
126.7740320639271374, 37.2445750042596160
126.7740039687965208, 37.2445900489829285
126.7739801960603927, 37.2446014799829470
126.7739579594220487, 37.2446116601333941
126.7739344542812887, 37.2446212756881749
126.7739114632915260, 37.2446306575785044
126.7739058701271091, 37.2446326342036969
126.7738904008779457, 37.2446380930491756
126.7738749428932721, 37.2446435521044492
126.7738671756583244, 37.2446458573376376
126.7738354812154000, 37.2446552647690083
126.7738098975394792, 37.2446631108571040
126.7738088637897675, 37.2446633798042228
126.7737766938769823, 37.2446717058221353
126.7737445349591212, 37.2446800410502021
126.7737148155996749, 37.2446870703242894
126.7736823946189588, 37.2446947337015359
126.7736744379606506, 37.2446969632610063
126.7736425319260434, 37.2447058980243710
126.7736225859287487, 37.2447125523593527
126.7736006108648468, 37.2447207366487092
126.7735782287371507, 37.2447301119019158
126.7735762051079575, 37.2447310741916553
126.7735471428872103, 37.2447448839621558
126.7735243888094914, 37.2447569378497434
126.7734983444475176, 37.2447731565680726
126.7734814670614725, 37.2447839421284073
126.7734813866039758, 37.2447839946881700
126.7734562240702019, 37.2448020414420924
126.7734366666447272, 37.2448177062629142
126.7734183982530567, 37.2448336206357737
126.7733999943813501, 37.2448518395853085
126.7733845939449537, 37.2448679791386112
126.7733710103601652, 37.2448832876969362
126.7733555918710380, 37.2449031038923479
126.7733436153021103, 37.2449189653888411
126.7733434147535547, 37.2449192680313814
126.7733277616203083, 37.2449432254296227
126.7733159403675103, 37.2449637671871585
126.7733042997616195, 37.2449869799590161
126.7733032891938052, 37.2449891419039147
126.7732914290680384, 37.2450144503915794
126.7732831438091665, 37.2450377983848142
126.7732749111555250, 37.2450635716541072
126.7732705963050819, 37.2450822449045944
126.7732678153303283, 37.2450985948235811
126.7732661283108655, 37.2451103330430726
126.7732633935576985, 37.2451339206437524
126.7732632924145264, 37.2451354418059637
126.7732614384364069, 37.2451624255595704
126.7732613835552229, 37.2451635240178192
126.7732602163165438, 37.2451905387159456
126.7732596270633394, 37.2452040459589711
126.7732590490765574, 37.2452175534139300
126.7732589016593039, 37.2452217953957714
126.7732584250728678, 37.2452353047584239
126.7732579597529110, 37.2452488143330029
126.7732574831659065, 37.2452623236955844
126.7732570178453670, 37.2452758332700924
126.7732565525245150, 37.2452893428445719
126.7732560759366294, 37.2453028522070468
126.7732551452935184, 37.2453298713558212
126.7732546687047659, 37.2453433807181753
126.7732542033824643, 37.2453568902924843
126.7732538943626253, 37.2453654731235133
126.7732534177731054, 37.2453789824857679
126.7732529411832587, 37.2453924918480084
126.7732519992695330, 37.2454195107843304
126.7732510460878217, 37.2454465295085413
126.7732505694965113, 37.2454600388705899
126.7732500929049451, 37.2454735482326029
126.7732496165782123, 37.2454870485873428
126.7732491399860351, 37.2455005579492777
126.7732486633935451, 37.2455140673111913
126.7732481868007852, 37.2455275766730693
126.7732477102077553, 37.2455410860349048
126.7732472336143985, 37.2455545953967047
126.7732462804268181, 37.2455816141201836
126.7732458038325802, 37.2455951234818841
126.7732453272380724, 37.2456086328435276
126.7732448506432519, 37.2456221422051499
126.7732443740481472, 37.2456356515667295
126.7732438974527440, 37.2456491609282807
126.7732434208570567, 37.2456626702897893
126.7732424676647867, 37.2456896890126998
126.7732419317568002, 37.2457140209329225
126.7732413391009629, 37.2457410464387948
126.7732408203309120, 37.2457582860651755
126.7732404113340010, 37.2457717966982500
126.7732400023368058, 37.2457853073312961
126.7732402443387230, 37.2457916384618599
