126.7752592330223536, 37.2404396831852722
126.7752600410586581, 37.2404206375090752
126.7752608603603335, 37.2404015920445346
126.7752616824993197, 37.2403793833409011
126.7752624933714003, 37.2403571744254194
126.7752631326981145, 37.2403388826050943
126.7752637607582500, 37.2403205905729564
126.7752647421320802, 37.2402952666307385
126.7752657122387632, 37.2402699424766297
126.7752664841535335, 37.2402482915866955
126.7752672560675649, 37.2402266406966618
126.7752680277159527, 37.2402049988137946
126.7752687562297638, 37.2401863571924281
126.7752694847429922, 37.2401677155709905
126.7752701965695508, 37.2401496414063118
126.7752708971295732, 37.2401315670297777
126.7752717010981911, 37.2401145760644070
126.7752724935354109, 37.2400975938944470
126.7752733631874804, 37.2400783691306572
126.7752742328388393, 37.2400591443667821
126.7752749728863790, 37.2400355101866154
126.7752757131979280, 37.2400118669990974
126.7752765769817813, 37.2399913083147425
126.7752771997536172, 37.2399739624662374
126.7752778222601222, 37.2399566256249202
126.7752784499018901, 37.2399379640823298
126.7752790890739334, 37.2399192937441725
126.7752795967355013, 37.2399047124863429
126.7752801043967423, 37.2398901312284778
126.7753039033326701, 37.2409921432946760
126.7753034452799312, 37.2409874032653434
126.7753010526282509, 37.2409610515990579
126.7752993505988428, 37.2409430312002385
126.7752976488348935, 37.2409250017941247
126.7752952324053695, 37.2409017588994118
126.7752928162418442, 37.2408785069973547
126.7752903998145797, 37.2408552641024571
126.7752883088382134, 37.2408343705039968
126.7752862178627424, 37.2408134769054868
126.7752841268881099, 37.2407925833068987
126.7752815655569378, 37.2407677515357918
126.7752790042270448, 37.2407429197645783
126.7752767412938084, 37.2407198239498030
126.7752744898925528, 37.2406967193394536
126.7752718935666394, 37.2406715444454193
126.7752693085081290, 37.2406463697630556
126.7752667234508834, 37.2406211950805783
126.7752641273937400, 37.2405960111790151
126.7752615423391234, 37.2405708364963459
126.7752589572857715, 37.2405456618135773
126.7752571541889353, 37.2405241788178003
126.7752566508968783, 37.2405175273452258
126.7752571473169638, 37.2404979621150503
126.7752580610831643, 37.2404718708633666
126.7752589751131325, 37.2404457706043104
126.7752592330223536, 37.2404396831852722
