126.7752649300589951, 37.2412437711620399
126.7752669721007805, 37.2412306787286553
126.7752699320109571, 37.2412124395410302
126.7752728919194993, 37.2411942003532488
126.7752751676154759, 37.2411804454065205
126.7752774543118335, 37.2411666996787005
126.7752804778214824, 37.2411478308300303
126.7752835013294117, 37.2411289619811896
126.7752865135694407, 37.2411100929204153
126.7752907056521678, 37.2410836847763775
126.7752948979963463, 37.2410572676247611
126.7752977909656664, 37.2410393876667030
126.7753006951995332, 37.2410215079202445
126.7753035881656842, 37.2410036279618524
