126.7752459981381321, 37.2416073560992587
126.7752460905975767, 37.2416049786091463
126.7752470546791415, 37.2415863774686642
126.7752480302911096, 37.2415677675326293
126.7752490958543063, 37.2415472486950705
126.7752501729477217, 37.2415267210619376
126.7752513924551607, 37.2415032671316482
126.7752526119614771, 37.2414798132012237
126.7752537220378031, 37.2414585471851325
126.7752548318483434, 37.2414372901761936
126.7752560631474097, 37.2414138184426875
126.7752572831791866, 37.2413903464973117
126.7752585909188241, 37.2413654252317556
126.7752598873910017, 37.2413405037542944
126.7752610198519676, 37.2413188596448350
126.7752621407809386, 37.2412972243307365
126.7752635355531510, 37.2412704932428369
126.7752649300589951, 37.2412437711620399
