126.7752002392989112, 37.2428954246148223
126.7752011135799819, 37.2428718290175524
126.7752014157321128, 37.2428634713517184
126.7752019144680276, 37.2428499623879716
126.7752024019372641, 37.2428364532124050
126.7752028894061738, 37.2428229440368170
126.7752033881412217, 37.2428094350729495
126.7752043630775631, 37.2427824167215746
126.7752047357065379, 37.2427724291674807
126.7752051781084361, 37.2427589191446131
126.7752056205100644, 37.2427454091217243
126.7752060516450143, 37.2427318988870084
126.7752064940460741, 37.2427183888640201
126.7752069364468497, 37.2427048788410104
126.7752073788473552, 37.2426913688179724
126.7752076738278646, 37.2426824883079632
126.7752087276234505, 37.2426554714383329
126.7752092488875775, 37.2426419628975793
126.7752097814177716, 37.2426284545685462
126.7752108239444908, 37.2426014374868544
126.7752112140703531, 37.2425916214936379
126.7752116564684144, 37.2425781114703014
126.7752120988661630, 37.2425646014469081
126.7752125525300073, 37.2425510916352636
126.7752129949272302, 37.2425375816118134
126.7752134373241404, 37.2425240715883277
126.7752138909871320, 37.2425105617765837
126.7752141399985106, 37.2425028610038638
126.7752152047874574, 37.2424758533522535
126.7752157260475769, 37.2424623448110239
126.7752162585736926, 37.2424488364814934
126.7752173236250428, 37.2424218198223542
126.7752176594289466, 37.2424130842749364
126.7752181243558738, 37.2423995746746570
126.7752185892824883, 37.2423860650743421
126.7752190429424815, 37.2423725552622145
126.7752195078685276, 37.2423590456618356
126.7752199727943037, 37.2423455360614142
126.7752204264534299, 37.2423320262491941
126.7752207213051605, 37.2423235332619811
126.7752212200291524, 37.2423100242967635
126.7752217187528458, 37.2422965153315317
126.7752222174762693, 37.2422830063662644
126.7752227274656889, 37.2422694976127175
126.7752232261885013, 37.2422559886473721
126.7752237249110010, 37.2422424796819698
126.7752240295797179, 37.2422344194660297
126.7752244945027655, 37.2422209098652743
126.7752249706918519, 37.2422074004762678
126.7752254468806257, 37.2421938910872043
126.7752259118028206, 37.2421803814863495
126.7752263879910117, 37.2421668720972150
126.7752268641789186, 37.2421533627080521
126.7752275297749236, 37.2421341791763325
126.7752279946958112, 37.2421206695753142
126.7752284596164287, 37.2421071599742604
126.7752289245367479, 37.2420936503731568
126.7752293894567686, 37.2420801407720390
126.7752298543765193, 37.2420666311708786
126.7752303192959857, 37.2420531215696755
126.7752303917497869, 37.2420510411071746
126.7752313776543076, 37.2420240319707574
126.7752318651053969, 37.2420105227929810
126.7752323638225107, 37.2419970138269321
126.7752328512730173, 37.2419835046490988
126.7752333499895201, 37.2419699956829788
126.7752335794110223, 37.2419637274854125
126.7752340330619489, 37.2419502176721622
126.7752344867125913, 37.2419367078588976
126.7752349516292298, 37.2419231982573606
126.7752354052793180, 37.2419096884440179
126.7752358589291077, 37.2418961786306184
126.7752363125785990, 37.2418826688172047
126.7752366264954702, 37.2418735273073622
126.7752375675920433, 37.2418465083156747
126.7752380437730153, 37.2418329989256591
126.7752385199537031, 37.2418194895356081
126.7752389961341066, 37.2418059801455144
126.7752394610479456, 37.2417924705436363
126.7752397331128691, 37.2417847521788588
126.7752401867600156, 37.2417712423651537
126.7752406291405975, 37.2417577323396287
126.7752410827871756, 37.2417442225258455
126.7752415364334411, 37.2417307127120267
126.7752419900794365, 37.2417172028981724
126.7752424324588958, 37.2417036928725196
126.7752427892831122, 37.2416930921881075
126.7752432992595004, 37.2416795834329690
126.7752437979693809, 37.2416660744660390
126.7752443079451723, 37.2416525657108366
126.7752448066544133, 37.2416390567438427
126.7752458263396136, 37.2416120482404978
126.7752459981381321, 37.2416073560992587
