126.7750296955314724, 37.2452889295650849
126.7750305822166581, 37.2452702819215347
126.7750312162221462, 37.2452567755067463
126.7750318502272933, 37.2452432690919153
126.7750321188996452, 37.2452356678270320
126.7750325951695203, 37.2452221584469001
126.7750330601723334, 37.2452086488549412
126.7750340127106483, 37.2451816300944998
126.7750349539810202, 37.2451546111221035
126.7750358952502268, 37.2451275921495863
126.7750363104435536, 37.2451157759188618
126.7750372629778184, 37.2450887571579230
126.7750377392445102, 37.2450752477774074
126.7750382155109179, 37.2450617383968563
126.7750391680428521, 37.2450347196356191
126.7750396330416578, 37.2450212100431557
126.7750401093069001, 37.2450077006624554
126.7750405855718299, 37.2449941912817266
126.7750410615715566, 37.2449806909081786
126.7750420140999807, 37.2449536721465364
126.7750424903637452, 37.2449401627656371
126.7750429666272254, 37.2449266533847165
126.7750432998135039, 37.2449172418754557
126.7750442636058779, 37.2448902233252568
126.7750452273970865, 37.2448632047749228
126.7750461911870872, 37.2448361862244468
126.7750466674483079, 37.2448226768432491
126.7750471549759510, 37.2448091676738073
126.7750481187636069, 37.2447821491230400
126.7750490825500691, 37.2447551305721305
126.7750496922081567, 37.2447374690636295
126.7750506221925946, 37.2447104498770827
126.7750510871843943, 37.2446969402837453
126.7750515634425881, 37.2446834309021924
126.7750524934247380, 37.2446564117153471
126.7750534234057227, 37.2446293925283669
126.7750543643873016, 37.2446023825602879
126.7750552943659699, 37.2445753633730234
126.7750557593548706, 37.2445618537793308
126.7750562356101369, 37.2445483443974084
126.7750565742729805, 37.2445414293763193
126.7750578870505649, 37.2445144263970818
126.7750578949983122, 37.2445141561797897
126.7750581121193107, 37.2445006419264004
126.7750583405067744, 37.2444871278847884
126.7750592900039948, 37.2444621278019454
126.7750599714335351, 37.2444412592902552
126.7750606505814517, 37.2444258341185588
126.7750607737189483, 37.2444120657559878
126.7750612902541718, 37.2443979533119602
126.7750619880787610, 37.2443887919865304
126.7750623072307548, 37.2443806238994313
126.7750634616952112, 37.2443651355650189
126.7750635482296389, 37.2443641097982550
126.7750649183638956, 37.2443493374836976
126.7750674358665890, 37.2443223841871571
126.7750699421003446, 37.2442954306785836
126.7750703704225117, 37.2442915995231090
126.7750733377904879, 37.2442646817195850
126.7750763054207823, 37.2442377549085606
126.7750777836016312, 37.2442242913970674
126.7750792730484619, 37.2442108280972803
126.7750799613911568, 37.2442050551893402
126.7750831876178950, 37.2441781512634691
126.7750864028401594, 37.2441512381182918
126.7750865381491820, 37.2441500870972106
126.7750896517042065, 37.2441231810528706
126.7750927655214355, 37.2440962660009944
126.7750940415970717, 37.2440846912567380
126.7750970092096736, 37.2440577644439657
126.7750984986482905, 37.2440443011433757
126.7750999880862679, 37.2440308378427360
126.7751010660504392, 37.2440217827968567
126.7751042697253752, 37.2439948784455694
126.7751045477596392, 37.2439923242004483
126.7751075604295323, 37.2439653982339323
126.7751098331017516, 37.2439460015883128
126.7751128603839419, 37.2439208783409441
126.7751160978483114, 37.2438939746240010
126.7751193465764601, 37.2438670711185580
126.7751215676143062, 37.2438444471254542
126.7751242202695465, 37.2438174963658213
126.7751247714103471, 37.2438114054502307
