126.7751247714103471, 37.2438114054502307
126.7751257684750215, 37.2438005013770450
126.7751282295950546, 37.2437735470166515
126.7751307019793927, 37.2437465928678364
126.7751321839653116, 37.2437195840526343
126.7751325076542486, 37.2437135609591081
126.7751337064513848, 37.2436961808883993
126.7751350966358075, 37.2436719100635187
126.7751357899600890, 37.2436448864228780
126.7751361855594894, 37.2436295190041662
126.7751373633428074, 37.2436025044700685
126.7751374649585614, 37.2436001992507144
126.7751381920795950, 37.2435731762450573
126.7751382833318843, 37.2435696902294566
126.7751391569164952, 37.2435426699768470
126.7751393107024995, 37.2435378242907831
126.7751400467195140, 37.2435116486012063
126.7751412019644590, 37.2434846336429146
126.7751418482129395, 37.2434695593265914
126.7751432185951046, 37.2434432784023883
126.7751435961833550, 37.2434162578378576
126.7751436614258438, 37.2434113564139437
126.7751448504656224, 37.2433843420904367
126.7751456599406907, 37.2433660174289400
126.7751465222500968, 37.2433389969634661
126.7751473845584229, 37.2433119764978642
126.7751475208590790, 37.2433077252897817
126.7751482592348253, 37.2432807024944026
126.7751487243710216, 37.2432633536923916
126.7751495416104035, 37.2432363323792543
126.7751500586988271, 37.2432187502358403
126.7751508534035167, 37.2431917284989211
126.7751516368406755, 37.2431647065500897
126.7751516906155871, 37.2431628780791968
126.7751531159747458, 37.2431358772089922
126.7751533426708193, 37.2431316186877766
126.7751543739673252, 37.2431046013978033
126.7751550063820503, 37.2430876973387370
126.7751556996832107, 37.2430606736950978
126.7751563355002276, 37.2430356046236994
126.7751567103160824, 37.2430220933312128
126.7751570963980896, 37.2430085822504893
126.7751575624792792, 37.2429923509814174
126.7751574244857977, 37.2429732785184768
126.7751563282905494, 37.2429591898288663
126.7751557817510104, 37.2429321609033153
126.7751556783834133, 37.2429268597716714
126.7751547482556163, 37.2428998416599555
126.7751545582003558, 37.2428944217398623
