126.7734125521617017, 37.2398145673860697
126.7734072390081650, 37.2398154677940383
126.7733955685464622, 37.2398182763607153
126.7733875840374793, 37.2398207036544946
126.7733794604930040, 37.2398236420291155
126.7733651764610698, 37.2398290780577597
126.7733593796652087, 37.2398314744071044
126.7733293569595645, 37.2398438962321094
126.7732993342443280, 37.2398563180491635
126.7732693002535740, 37.2398687396463117
126.7732531432716172, 37.2398753841128212
126.7732230770588302, 37.2398877510184292
126.7731930221024896, 37.2399001181279985
126.7731629558706317, 37.2399124850176264
126.7731453886334521, 37.2399203195874478
126.7731324111516784, 37.2399265552201371
126.7731204049241995, 37.2399334940538580
126.7731112301660659, 37.2399395939477955
126.7731021684596868, 37.2399468315084832
126.7730951077235773, 37.2399531063582927
126.7730899089213068, 37.2399589295786058
126.7730840767009113, 37.2399659755562240
126.7730788144028651, 37.2399735729898893
126.7730741065162050, 37.2399826318226488
126.7730705790322503, 37.2399929475388944
126.7730688538380122, 37.2400033061765470
126.7730684027652899, 37.2400121206589105
126.7730690985732451, 37.2400198842644556
126.7730700040651328, 37.2400266514580451
126.7730729330449151, 37.2400370526007407
126.7730776095719563, 37.2400489736398512
126.7730816691346263, 37.2400577287919035
126.7730858951708228, 37.2400661896724472
126.7730904280436306, 37.2400738001643603
126.7730957550980122, 37.2400827684197679
126.7731009750611406, 37.2400915454033452
126.7731030340744383, 37.2400947384212770
126.7731185705846002, 37.2401187509070724
126.7731340958383299, 37.2401427631791151
126.7731496213667839, 37.2401667664421083
126.7731563533670140, 37.2401770228389779
126.7731720725520859, 37.2402009576447242
126.7731851468983422, 37.2402201563320503
