126.7733357710002764, 37.2404486651693674
126.7733488528500772, 37.2404691437162896
126.7733642186644261, 37.2404932160450599
126.7733795957543350, 37.2405172885840017
126.7733884136251987, 37.2405305942908385
126.7734042246720492, 37.2405544767212646
126.7734042681457680, 37.2405545316124318
126.7734205812710826, 37.2405782071923355
126.7734209602085258, 37.2405787370298924
126.7734380618359751, 37.2406020489270162
126.7734487490985913, 37.2406154168322985
126.7734544632528042, 37.2406227250921162
126.7734609648404387, 37.2406304717389602
126.7734741240200549, 37.2406441114477715
126.7734853490146207, 37.2406541459295113
126.7734974656217446, 37.2406633770698576
126.7735077738239653, 37.2406697083033791
126.7735171713289901, 37.2406744272410180
126.7735241425169050, 37.2406773251284022
126.7735318808577887, 37.2406794353580679
126.7735389680189826, 37.2406810737145406
126.7735460049453593, 37.2406817378052821
126.7735569705512404, 37.2406818179038410
126.7735692281755320, 37.2406808949111223
126.7735831564900053, 37.2406787416317542
126.7735979387679919, 37.2406747659199340
126.7736076258636331, 37.2406715595389528
126.7736151297270339, 37.2406689970196112
126.7736228635489653, 37.2406658980917555
126.7736531023229674, 37.2406538047018358
126.7736833298214947, 37.2406417110919321
126.7737091261705871, 37.2406308048514134
126.7737390200409635, 37.2406181732303452
126.7737689026355525, 37.2406055413894492
126.7737987967515494, 37.2405929007453196
126.7738087726324494, 37.2405886904098296
126.7738087726324494, 37.2405886904098296
