126.7741128799524120, 37.2404606142755341
126.7741348544917201, 37.2404516367822112
126.7741649637403896, 37.2404393425538345
126.7741836364005223, 37.2404314835598527
126.7742135623254711, 37.2404189064923656
126.7742434882407565, 37.2404063294169418
126.7742508038431311, 37.2404032676437851
126.7742807512185550, 37.2403907270111958
126.7742957251676188, 37.2403844476846828
126.7743106988492769, 37.2403781773634250
126.7743280055024258, 37.2403700042682928
126.7743407425270448, 37.2403627456011890
126.7743511056048220, 37.2403561001860837
126.7743583033465882, 37.2403512968299921
126.7743651503682685, 37.2403453873868600
126.7743704332747541, 37.2403401514860448
126.7743755483773924, 37.2403344888549626
126.7743814699517060, 37.2403255519251033
126.7743865360810105, 37.2403150397941687
126.7743896652467015, 37.2403044642047121
126.7743911257347236, 37.2402954343781332
126.7743915948221343, 37.2402871519491399
126.7743914121000586, 37.2402811013085611
126.7743908533698516, 37.2402759538327430
126.7743896492562925, 37.2402678382107908
126.7743874148904979, 37.2402591084095036
126.7743850967762995, 37.2402516928186387
126.7743821342421313, 37.2402439586946272
126.7743780053318403, 37.2402352563546657
126.7743734802570827, 37.2402266096508257
126.7743632888083312, 37.2402101779803800
126.7743479121235026, 37.2401864660616297
126.7743336191333441, 37.2401650005388518
126.7743220199613319, 37.2401469922910735
126.7743071688384049, 37.2401241914725816
126.7742992058836506, 37.2401120915219934
126.7742912426663935, 37.2401000005781739
126.7742774749789874, 37.2400794551617267
