126.7751613153307346, 37.2416059626022005
126.7751614990542777, 37.2416008651350694
126.7751621826842552, 37.2415818351491836
126.7751631575971061, 37.2415548167929202
126.7751636450530697, 37.2415413076147388
126.7751641325087633, 37.2415277984365147
126.7751650961530174, 37.2415007798681899
126.7751660710622872, 37.2414737615114859
126.7751663641987960, 37.2414657100902957
126.7751673053079315, 37.2414386910981037
126.7751682464159018, 37.2414116721057482
126.7751691875226925, 37.2413846531132577
126.7751701398945272, 37.2413576343324024
126.7751710809990016, 37.2413306153396206
126.7751720221023106, 37.2413035963466967
126.7751729744706353, 37.2412765775654080
126.7751739155715995, 37.2412495585721999
126.7751748217072674, 37.2412237285356795
126.7751757853382912, 37.2411967099657346
126.7751767377019831, 37.2411696911838703
126.7751777013306480, 37.2411426726136341
126.7751786649581334, 37.2411156540432557
126.7751796285844392, 37.2410886354727140
126.7751801160302279, 37.2410751262932820
126.7751805922095656, 37.2410616169020443
126.7751815558335124, 37.2410345983312254
126.7751816076258393, 37.2410332204338701
126.7751825937808405, 37.2410062022864565
126.7751830924909484, 37.2409926933185602
126.7751835909358817, 37.2409791933578873
126.7751845883545911, 37.2409521754219313
126.7751855745059828, 37.2409251572740558
126.7751865719222764, 37.2408981393378156
126.7751870706299968, 37.2408846303696421
126.7751875693373762, 37.2408711214014261
126.7751885554851867, 37.2408441032531101
126.7751895528978991, 37.2408170853164293
126.7751900516037722, 37.2408035763480214
126.7751905503093894, 37.2407900673796064
126.7751915364535620, 37.2407630492308428
126.7751920570192823, 37.2407491801840962
126.7751925331914720, 37.2407356707919845
126.7751930093633490, 37.2407221613998374
126.7751939729723603, 37.2406951428271782
126.7751949365801778, 37.2406681242544053
126.7751959001868300, 37.2406411056814690
126.7751968637922744, 37.2406140871083977
126.7751978273965676, 37.2405870685351914
126.7751987909996387, 37.2405600499618217
126.7751987968267997, 37.2405598518023240
126.7751997378965427, 37.2405328328052860
126.7752006676990959, 37.2405058135963429
126.7752016087665510, 37.2404787945990208
126.7752025385667736, 37.2404517753897863
126.7752034796318839, 37.2404247563921800
126.7752044094297759, 37.2403977371826542
126.7752052286350164, 37.2403740954800853
126.7752061246326321, 37.2403470756350146
126.7752065669979658, 37.2403335656065408
126.7752070093630437, 37.2403200555780316
126.7752079053584140, 37.2402930357326838
126.7752084387135056, 37.2402768147334413
126.7752091093864948, 37.2402497906526264
126.7752097800585034, 37.2402227665716552
126.7752104394635495, 37.2401957422788001
126.7752107804317063, 37.2401822303440895
126.7752111101335970, 37.2401687181975731
126.7752113749618275, 37.2401581788672615
126.7752116645143019, 37.2401341486945441
126.7752118991716088, 37.2401146686656759
126.7752118710818934, 37.2400876404621286
126.7752118487088495, 37.2400723012273573
126.7752114373096504, 37.2400452748310045
126.7752113288622269, 37.2400386127550860
126.7752107270931674, 37.2400153769289233
126.7752094949955364, 37.2399936433092620
126.7752072443270634, 37.2399666814753729
126.7752071015402322, 37.2399650205412698
126.7752052133681673, 37.2399433647118414
126.7752020106252502, 37.2399204134486155
126.7751995319678713, 37.2399035049771214
126.7751958663866105, 37.2398801935369477
126.7751923462977004, 37.2398607510778490
126.7751893978484787, 37.2398464022609801
126.7751854480849119, 37.2398277718380797
126.7751805405563346, 37.2398079788591048
126.7751756504062683, 37.2397887449647769
126.7751699332176827, 37.2397700362583635
126.7751636258044954, 37.2397503160998582
126.7751559463141291, 37.2397297230006501
126.7751486129298115, 37.2397107766324780
126.7751431632067920, 37.2396971558498180
126.7751356997415684, 37.2396810999614374
126.7751258331014270, 37.2396612858612457
126.7751136970507559, 37.2396389146895928
126.7751052251548032, 37.2396253362312777
126.7750952951360830, 37.2396095944650654
126.7750815514465188, 37.2395897615562887
126.7750731315641701, 37.2395782478740500
126.7750610701792908, 37.2395625381384221
126.7750467488348676, 37.2395458666720174
126.7750266698397752, 37.2395241302458331
126.7750261344972955, 37.2395235524120309
126.7750043676384450, 37.2395028657213771
126.7750011436658326, 37.2394998040442573
126.7749847783571653, 37.2394851759728596
126.7749614713186332, 37.2394666502935792
126.7749434263773765, 37.2394535587700375
126.7749255845255050, 37.2394419941284411
126.7749045654137774, 37.2394296127278253
126.7748765937369342, 37.2394144690502458
126.7748552067456842, 37.2394038651466559
126.7748322842947744, 37.2393937280459610
126.7748016445572148, 37.2393823013045377
126.7748004067583594, 37.2393818454471273
126.7747755731370489, 37.2393738353410129
126.7747491620456231, 37.2393665706246679
126.7747333063611421, 37.2393625955432697
126.7747103483847582, 37.2393578831134704
126.7746943275778619, 37.2393549233044254
126.7746754368845643, 37.2393518104023755
126.7746555611661847, 37.2393492287238388
126.7746352113613000, 37.2393470526911301
126.7746140464527400, 37.2393457625527944
126.7746019653076814, 37.2393452920797685
126.7745793426096270, 37.2393448937739819
126.7745455505342278, 37.2393456012436559
126.7745454829389189, 37.2393455999727365
126.7745347164714076, 37.2393460374097884
126.7745189838787212, 37.2393470754136047
126.7745009164709131, 37.2393485471634875
126.7744821202356178, 37.2393506540873318
126.7744578277313536, 37.2393545231949616
126.7744403604877874, 37.2393578176782967
126.7744160221428018, 37.2393632450309227
126.7743958872963361, 37.2393687063567995
126.7743759698162052, 37.2393744421332826
126.7743486164931142, 37.2393834987815708
126.7743283246016546, 37.2393908497107873
126.7743111339970170, 37.2393973847667681
126.7742960204163012, 37.2394034361674784
126.7742809068332406, 37.2394094875661850
126.7742773822166669, 37.2394108992939792
126.7742472411949706, 37.2394231388878865
126.7742308470105570, 37.2394298060672142
126.7742009214880312, 37.2394423831539001
126.7741919276331544, 37.2394461703933572
126.7741620023630702, 37.2394587384624884
126.7741380116690806, 37.2394688226045432
126.7741080429078835, 37.2394813357685024
126.7741016633850677, 37.2394840005755583
126.7740718135022462, 37.2394966871980415
126.7740715053478482, 37.2394968165863247
126.7740643059323844, 37.2394997633759317
