126.7731296407029049, 37.2457917564767058
126.7731327976369755, 37.2457779550826658
126.7731358598191775, 37.2457608624459908
126.7731381133314272, 37.2457402218043754
126.7731389557942521, 37.2457257730445477
126.7731403232293133, 37.2457011503550319
126.7731407660435394, 37.2456876403586747
126.7731412088574956, 37.2456741303622820
126.7731420641206057, 37.2456485247164224
126.7731425182005580, 37.2456350149319064
126.7731429722802119, 37.2456215051473691
126.7731434263595816, 37.2456079953627750
126.7731438804386386, 37.2455944855781595
126.7731443345174540, 37.2455809757935015
126.7731447885959568, 37.2455674660088150
126.7731452539409958, 37.2455539564360620
126.7731457080189159, 37.2455404466513116
126.7731463752818684, 37.2455204610922337
126.7731468518926903, 37.2455069517313575
126.7731473285032422, 37.2454934423704245
126.7731477938466753, 37.2454799327974868
126.7731482704566162, 37.2454664234365040
126.7731487357994808, 37.2454529138634882
126.7731492124088248, 37.2454394045024344
126.7731496890178988, 37.2454258951413237
126.7731501543598966, 37.2454123855682226
126.7731510636950532, 37.2453864745231513
126.7731520619776830, 37.2453594566485719
126.7731525611185504, 37.2453459477112219
126.7731530602590908, 37.2453324387738220
126.7731535593993755, 37.2453189298364151
126.7731540585393049, 37.2453054208989514
126.7731545576789784, 37.2452919119614663
126.7731550568183252, 37.2452784030239243
126.7731560550961518, 37.2452513851487623
126.7731566254271343, 37.2452358407890500
126.7731571921657405, 37.2452223331232588
126.7731577476372848, 37.2452088252454487
126.7731588698461564, 37.2451818097016911
126.7731599920537064, 37.2451547941577772
126.7731606127474038, 37.2451398365396287
126.7731620431128334, 37.2451157557647221
126.7731639480972916, 37.2450981456808279
126.7731678796789936, 37.2450733459265777
126.7731740167636190, 37.2450467671993977
126.7731740556017286, 37.2450465966979394
126.7731791049269532, 37.2450286312109071
126.7731861976562868, 37.2450071173057751
126.7731913898342810, 37.2449942554220144
126.7731965820104136, 37.2449813935379410
126.7731972142810974, 37.2449798282953068
126.7732030551518250, 37.2449671408356267
126.7732088957553742, 37.2449544623828004
126.7732104375906630, 37.2449511027967048
126.7732196827578548, 37.2449326755158836
126.7732269857718705, 37.2449204841992767
126.7732342887834704, 37.2449082928821298
126.7732407507591574, 37.2448974826352952
126.7732486998108783, 37.2448855558139016
126.7732566375933061, 37.2448736287799065
126.7732570384257116, 37.2448730325023831
126.7732747941918063, 37.2448500249059080
126.7732780168843334, 37.2448458588054905
126.7732875665871433, 37.2448347010973890
126.7732971160219648, 37.2448235523956299
126.7732978861375130, 37.2448226656622055
126.7733082670492024, 37.2448119922256922
126.7733186364260831, 37.2448013275834171
126.7733209495535505, 37.2447989558260417
126.7733320487413806, 37.2447887735481231
126.7733431594579940, 37.2447785824737707
126.7733454648951863, 37.2447764719255900
126.7733686877248402, 37.2447569197121098
126.7733933559883184, 37.2447384310916974
126.7734026356455246, 37.2447314679880677
126.7734155079188554, 37.2447227069401876
126.7734283801892019, 37.2447139458907728
126.7734362027234454, 37.2447086136210004
126.7734630093656421, 37.2446921569139917
126.7734686347573643, 37.2446887029121001
126.7734966425433782, 37.2446735665529189
126.7735023241324654, 37.2446705011320418
126.7735266340477551, 37.2446584404670489
126.7735565540942702, 37.2446461248420135
126.7735808498092922, 37.2446372271879511
126.7735965958408144, 37.2446323233352956
126.7736123528719361, 37.2446274286996584
126.7736172449911862, 37.2446259075367436
126.7736333080756168, 37.2446217216085742
126.7736493824250346, 37.2446175358901002
126.7736695351721750, 37.2446122823333994
126.7737018307264947, 37.2446042831476731
126.7737179783686940, 37.2446002880550324
126.7737341262743627, 37.2445962839529088
126.7737422680916666, 37.2445942741652942
126.7737726443227757, 37.2445863740413898
126.7737885073737090, 37.2445817066816431
126.7738043814243127, 37.2445770485388366
126.7738078042330869, 37.2445760404646791
126.7738233800446892, 37.2445707909152901
126.7738389558542167, 37.2445655413637766
126.7738513661318365, 37.2445613678103555
126.7738819180862464, 37.2445497939768444
126.7739092892608710, 37.2445394310335374
126.7739238201687613, 37.2445325306057740
126.7739383623407434, 37.2445256303880328
126.7739674354102419, 37.2445118297350035
126.7739698819911354, 37.2445106681120564
126.7739836295199183, 37.2445028066598951
126.7739973770458306, 37.2444949452060214
126.7740146677199249, 37.2444850505402556
126.7740405985388605, 37.2444677030414368
126.7740542712874685, 37.2444585514266748
126.7740796535985339, 37.2444406889187505
126.7740801371341206, 37.2444403465358604
126.7741046178316964, 37.2444217100392407
126.7741103718735047, 37.2444173301666055
126.7741281807434319, 37.2444020829571016
126.7741394125797569, 37.2443919842051230
126.7741506334114661, 37.2443818762328291
126.7741508996999187, 37.2443816379107204
126.7741614572520064, 37.2443710848769030
126.7741720148011098, 37.2443605318420410
126.7741727002046161, 37.2443598417784472
126.7741925196253021, 37.2443379453004013
126.7741987647279700, 37.2443310512358892
126.7742156068418495, 37.2443107299752469
126.7742304767641457, 37.2442911556873071
126.7742437846069805, 37.2442729489162616
126.7742597493265748, 37.2442491144068057
126.7742620134883396, 37.2442457233282340
126.7742767078482160, 37.2442213872790262
126.7742800496068867, 37.2442158535310313
126.7742865826675143, 37.2442033863108861
126.7742931267275281, 37.2441909283094077
126.7742955031437901, 37.2441864038010237
126.7743062963208871, 37.2441620935205009
126.7743158294718882, 37.2441361643809117
126.7743176683971313, 37.2441311340923704
126.7743215500758964, 37.2441179771435742
126.7743254202216008, 37.2441048289899328
126.7743266355150666, 37.2441006881962835
126.7743314010881193, 37.2440808607991656
126.7743359644652941, 37.2440552617770493
126.7743379937749211, 37.2440418446888373
126.7743400343503026, 37.2440284278124167
126.7743405926059950, 37.2440247793477184
126.7743434816164552, 37.2439978510792429
126.7743447847058178, 37.2439857451313117
