126.7744061284987822, 37.2439199378379939
126.7744058639201938, 37.2439308466649024
126.7744051560817979, 37.2439399627365688
126.7744043680772279, 37.2439514204787940
126.7744037677407931, 37.2439610973297164
126.7744025097777296, 37.2439778003607174
126.7744018508511488, 37.2439871696942930
126.7744015529599437, 37.2439942296754865
126.7744011581577865, 37.2439996025486835
126.7744007275558999, 37.2440038932819348
126.7744007275558999, 37.2440038932819348
126.7743991892348845, 37.2440190139019265
126.7743980980819600, 37.2440296638556703
126.7743977056395011, 37.2440326575463700
126.7743960550198636, 37.2440450813999533
126.7743948535686371, 37.2440541160916823
126.7743946385882765, 37.2440552926503585
126.7743946385882765, 37.2440552926503585
126.7743928282190780, 37.2440650999552787
126.7743884672167667, 37.2440865030895196
126.7743849869411150, 37.2441028759401078
126.7743819112895522, 37.2441150747278513
126.7743785407137977, 37.2441269525418477
126.7743753040031436, 37.2441381118951611
126.7743753040031436, 37.2441381118951611
126.7743721096919529, 37.2441478300900073
126.7743719389743831, 37.2441482684786962
126.7743690098734390, 37.2441562523015577
126.7743652146076130, 37.2441680049701489
126.7743630102544472, 37.2441735781333705
126.7743585148670320, 37.2441853717096834
126.7743566011804290, 37.2441898778840752
126.7743537262735884, 37.2441964027455157
126.7743478142130868, 37.2442088365860258
126.7743419233511446, 37.2442205498470287
126.7743367966030945, 37.2442296639320460
126.7743367966030945, 37.2442296639320460
126.7743358519489476, 37.2442315026860271
126.7743320484060661, 37.2442381723041933
126.7743262330743619, 37.2442480845401391
126.7743191790867172, 37.2442591000109218
126.7743113432022852, 37.2442710200245060
126.7743097026739036, 37.2442735216091236
126.7743008106462952, 37.2442860886657812
126.7742919542706233, 37.2442985933065671
126.7742826685641546, 37.2443107474085977
126.7742725923425127, 37.2443237157685090
126.7742690076117356, 37.2443286952014532
126.7742615165810207, 37.2443380892620084
126.7742474319852306, 37.2443551098387715
126.7742406378772415, 37.2443630389993530
126.7742324570539267, 37.2443721226827194
126.7742225024797023, 37.2443832548323499
126.7742184828430680, 37.2443873068383127
126.7742151991120636, 37.2443908679988880
126.7742057395870177, 37.2444001168901195
126.7741994950029181, 37.2444062269013045
126.7741908418896486, 37.2444141210987354
126.7741772204859529, 37.2444265090829632
126.7741692327539056, 37.2444332442030159
126.7741579164772361, 37.2444427645875464
126.7741506668988336, 37.2444485492803921
126.7741434806786316, 37.2444544793598666
126.7741334304898118, 37.2444623472790681
126.7741206492750621, 37.2444718491219149
126.7741057930135042, 37.2444825285886907
126.7740936713485809, 37.2444910695124349
126.7740785804652148, 37.2445012939521050
126.7740641349529085, 37.2445106563417667
126.7740550347141522, 37.2445165053576090
126.7740439405455675, 37.2445230738992521
126.7740364092757375, 37.2445273212093113
126.7740272678073126, 37.2445326557509020
126.7740148680312018, 37.2445399207125263
126.7740048191310080, 37.2445454454670042
126.7739952849154577, 37.2445507185461366
126.7739857047024259, 37.2445556392827442
126.7739686775093020, 37.2445642411395141
126.7739522429360193, 37.2445722413086528
126.7739369183202456, 37.2445792980439165
126.7739240581789062, 37.2445849681862029
126.7739119114123127, 37.2445901470600162
126.7738968790556129, 37.2445960827591946
126.7738811382220803, 37.2446019600699003
126.7738657738235304, 37.2446073037254521
126.7738451679083624, 37.2446137834665620
126.7738293797443134, 37.2446185874257267
126.7738047695182644, 37.2446255325759310
126.7737900386906063, 37.2446292659386344
126.7737757226077235, 37.2446330791983584
126.7737591823514123, 37.2446373913538551
126.7737368225290879, 37.2446429458757038
126.7737166084067439, 37.2446476034827683
126.7736950284969168, 37.2446527040312034
126.7736796925728697, 37.2446566963646859
126.7736593916242924, 37.2446616226952472
126.7736481641879891, 37.2446646739259180
126.7736313488790501, 37.2446695216226757
126.7736193293271327, 37.2446734411480094
126.7736017118271405, 37.2446794994126762
126.7735888151943300, 37.2446844929148355
126.7735720338089749, 37.2446912518319451
126.7735623954961142, 37.2446950809618897
126.7735472982754601, 37.2447020698254860
126.7735375590893483, 37.2447066450701101
126.7735292718459874, 37.2447109141750019
126.7735164222568329, 37.2447169900205353
126.7735049225463939, 37.2447231633559426
126.7734952261665029, 37.2447289650642333
126.7734853668825394, 37.2447345564260885
126.7734691423107733, 37.2447442277379324
126.7734588332810404, 37.2447509281522073
126.7734588332810404, 37.2447509281522073
126.7734485357813270, 37.2447576197702332
126.7734417096166055, 37.2447624210392689
126.7734417096166055, 37.2447624210392689
126.7734343557688561, 37.2447686813728467
126.7734247883446983, 37.2447758463463785
126.7734101674652436, 37.2447873322387792
126.7734016292821195, 37.2447943813896813
126.7733965685372510, 37.2447985669883010
126.7733897756330350, 37.2448041529430967
126.7733785050638176, 37.2448144131123016
126.7733738605198823, 37.2448190120897209
126.7733680816146205, 37.2448246171193986
126.7733579860912272, 37.2448344037204677
126.7733579860912272, 37.2448344037204677
126.7733531498769963, 37.2448393866166043
126.7733479867911655, 37.2448455169272208
126.7733388596681294, 37.2448553397695648
126.7733345616044858, 37.2448596568726984
126.7733283760223628, 37.2448675884144151
126.7733206149504497, 37.2448769593074474
126.7733145069066296, 37.2448849373682265
126.7733059191097595, 37.2448967350183437
126.7732987270627092, 37.2449070719104469
126.7732935522947599, 37.2449151306137765
126.7732898966856396, 37.2449209828671641
126.7732823015424941, 37.2449331416551175
126.7732789900311445, 37.2449387931008076
126.7732759498501593, 37.2449440350890200
126.7732693493547487, 37.2449561044424087
126.7732693493547487, 37.2449561044424087
126.7732660467180921, 37.2449626032033194
126.7732629114907184, 37.2449691591870362
126.7732574106254617, 37.2449806363969600
126.7732552723126815, 37.2449851112890684
126.7732514600042180, 37.2449947547374975
126.7732514600042180, 37.2449947547374975
126.7732467584075238, 37.2450066525340873
126.7732457471729646, 37.2450092200158096
126.7732406516308146, 37.2450222459400919
126.7732378620814586, 37.2450300791496076
126.7732337736559884, 37.2450418262618328
126.7732315939646242, 37.2450500043971857
126.7732298418904548, 37.2450559104861796
126.7732270935463106, 37.2450665562830991
126.7732250330105472, 37.2450756649187085
126.7732246364107738, 37.2450776491575297
126.7732218384652185, 37.2450930434607557
126.7732209193362110, 37.2450982262187438
126.7732199617604039, 37.2451047150251995
126.7732192873174739, 37.2451100105333524
126.7732187992278767, 37.2451174003825471
126.7732183273251110, 37.2451219426748850
126.7732183273251110, 37.2451219426748850
126.7732173735783618, 37.2451309820114389
126.7732173735783618, 37.2451309820114389
126.7732168914692181, 37.2451354880628642
126.7732167980102247, 37.2451375140538801
126.7732166480784883, 37.2451406925464994
126.7732159771649094, 37.2451546759005296
126.7732159771649094, 37.2451546759005296
126.7732158096027320, 37.2451580703547194
126.7732155715147826, 37.2451630946937016
126.7732153828665673, 37.2451683542805512
126.7732146470990244, 37.2451887531145687
126.7732146470990244, 37.2451887531145687
126.7732142782869715, 37.2451989840568274
126.7732136094669357, 37.2452174915842349
126.7732129259326257, 37.2452361159935919
126.7732129259326257, 37.2452361159935919
126.7732122704994708, 37.2452545516749893
126.7732122704994708, 37.2452545516749893
126.7732115456002902, 37.2452745812121933
126.7732108355489942, 37.2452941063443959
126.7732101239061677, 37.2453136855199105
126.7732101239061677, 37.2453136855199105
126.7732099794023668, 37.2453178284219888
126.7732094382432280, 37.2453331480253027
126.7732087495326567, 37.2453523310945016
126.7732081191507660, 37.2453702986114479
126.7732074240753803, 37.2453896978540513
126.7732067944878622, 37.2454076383491852
126.7732060630851407, 37.2454282715821847
126.7732054031386184, 37.2454468603857975
126.7732047466385410, 37.2454653320953497
126.7732040877515090, 37.2454838848698984
126.7732035534823041, 37.2454989702847215
126.7732035428760753, 37.2454993305739350
126.7732028973760947, 37.2455178115024879
126.7732021407799152, 37.2455393004218962
126.7732016112821611, 37.2455542237064137
126.7732009660456782, 37.2455726956275512
126.7732001613240556, 37.2455954363397126
126.7732001613240556, 37.2455954363397126
126.7731995168818173, 37.2456138812390165
126.7731988619677281, 37.2456322989045745
126.7731980934355107, 37.2456541931488516
126.7731980934355107, 37.2456541931488516
126.7731978020369610, 37.2456625600175570
126.7731974675525777, 37.2456720075418417
126.7731971827827664, 37.2456801492297487
126.7731965423201927, 37.2456976929817998
126.7731959131239279, 37.2457152369457702
126.7731952892303724, 37.2457326007650664
126.7731948550500789, 37.2457446689691452
126.7731948550500789, 37.2457446689691452
126.7731944694899511, 37.2457608296352021
126.7731954883112593, 37.2457763858687159
126.7731954883112593, 37.2457763858687159
126.7731956407292699, 37.2457788670965044
126.7731970845329386, 37.2457907092795608
