126.7753859796858222, 37.2412458481064235
126.7753866465263144, 37.2412258534934892
126.7753873136310432, 37.2412058498732321
126.7753879694689942, 37.2411858460411267
126.7753888423598454, 37.2411638275493857
126.7753897155147200, 37.2411418000503076
126.7753905884039085, 37.2411197815583819
126.7753912780177217, 37.2410990123214134
126.7753919676308527, 37.2410782430843739
126.7753926572433301, 37.2410574738472278
126.7753933471199730, 37.2410366956027659
126.7753938748868592, 37.2410206637557124
126.7753944141843334, 37.2410046231131062
