126.7752396903333221, 37.2428963013552448
126.7752402544728341, 37.2428798015617346
126.7752408188768101, 37.2428632927609371
126.7752416446525672, 37.2428405794494708
126.7752424814290322, 37.2428178753569341
126.7752433184695207, 37.2427951622570248
126.7752441439778579, 37.2427724579525048
126.7752449347677981, 37.2427501675576949
126.7752457255569425, 37.2427278771627783
126.7752465050789112, 37.2427055865559922
126.7752472958664498, 37.2426832961608980
126.7752480793600682, 37.2426608704452207
126.7752488741192849, 37.2426384449412140
126.7752496573464214, 37.2426160282325895
126.7752504408376524, 37.2425936025166067
126.7752511957029924, 37.2425713835436625
126.7752519395660897, 37.2425491553516324
126.7752526944298666, 37.2425269363785105
126.7752534380265388, 37.2425047171935049
126.7752543144170545, 37.2424818155753243
126.7752551908067034, 37.2424589139570159
126.7752560559291339, 37.2424360121268307
126.7752569323170349, 37.2424131105083234
126.7752577845998587, 37.2423910285492283
126.7752586368818868, 37.2423689465900196
126.7752594894279383, 37.2423468556234809
126.7752603529746409, 37.2423247738758647
126.7752611029211351, 37.2423023385160405
126.7752618526019717, 37.2422799121633759
126.7752626138132257, 37.2422574770151087
126.7752633634924848, 37.2422350506622521
126.7752642522861066, 37.2422101936229524
126.7752651410787053, 37.2421853365835602
126.7752660408717134, 37.2421604887630338
126.7752669296623225, 37.2421356317233716
126.7752676156252818, 37.2421149885933218
126.7752683128538820, 37.2420943456749285
126.7752689988155055, 37.2420737025447153
126.7752696957778795, 37.2420530686334104
126.7752705241906028, 37.2420310312854355
126.7752713526025019, 37.2420089939373824
126.7752721807487433, 37.2419869655964462
126.7752730091590365, 37.2419649282481799
126.7752737233164595, 37.2419429428256663
126.7752744487394381, 37.2419209576148234
126.7752751626305354, 37.2418989811993626
126.7752758880520076, 37.2418769959883349
126.7752767601625123, 37.2418534724435872
126.7752776325369837, 37.2418299398914812
126.7752785046456978, 37.2418064163465132
126.7752793654871937, 37.2417828925896828
126.7752801330560288, 37.2417610073049232
126.7752809006240966, 37.2417391220200926
126.7752816679265209, 37.2417172457423931
126.7752824354930681, 37.2416953604573635
126.7752832130007334, 37.2416735204202425
126.7752839905076314, 37.2416516803830362
126.7752847680137336, 37.2416298403457233
126.7752855455190826, 37.2416080003083252
