126.7751301306275309, 37.2459196634096159
126.7751308742561207, 37.2458928480047859
126.7751316178837016, 37.2458660325997926
126.7751323617751780, 37.2458392081874550
126.7751330941339063, 37.2458123925704001
126.7751345893332484, 37.2457860869654311
126.7751360732642638, 37.2457597811485002
126.7751375684605932, 37.2457334755432043
126.7751383628669828, 37.2457076163875840
126.7751391575372963, 37.2456817482245839
126.7751399522065867, 37.2456558800614630
126.7751409049202636, 37.2456323039735508
126.7751418463661537, 37.2456087276737193
126.7751427993428308, 37.2455851425783138
126.7751437407867883, 37.2455615662782762
126.7751444780076326, 37.2455399508035612
126.7751452152277380, 37.2455183353287325
126.7751459524471187, 37.2454967198538256
126.7751466896657462, 37.2454751043788335
126.7751476205084629, 37.2454518883679455
126.7751485623521006, 37.2454286815759730
126.7751494931928988, 37.2454054655648648
126.7751504352995795, 37.2453822497654343
126.7751509062369877, 37.2453681544901514
126.7751513771740548, 37.2453540592148045
