126.7752326458603562, 37.2452934475948112
126.7752331584043048, 37.2452794702597814
126.7752336709479124, 37.2452654929246876
126.7752345847715816, 37.2452413212965041
126.7752354985942276, 37.2452171496681927
126.7752360967946004, 37.2451983433917135
126.7752367065261154, 37.2451795283197029
126.7752373478460726, 37.2451627055426258
126.7752379891655323, 37.2451458827654989
126.7752385018142576, 37.2451307518675563
126.7752390029309453, 37.2451156297650527
126.7752396966092334, 37.2450989431553268
126.7752403902870242, 37.2450822565455510
126.7752411464502131, 37.2450619121477828
126.7752419138794551, 37.2450415679616995
126.7752425508326724, 37.2450252768233128
126.7752431987872654, 37.2450089949038983
126.7752438963707391, 37.2449891090281184
126.7752445942185062, 37.2449692141450086
126.7752451353485839, 37.2449534979874812
126.7752456764782920, 37.2449377818299254
126.7752463318150831, 37.2449197156288676
126.7752469871513910, 37.2449016494277316
126.7752477320253774, 37.2448805387781761
126.7752484879004697, 37.2448594373475430
126.7752491588808681, 37.2448416057580971
126.7752498301256310, 37.2448237651613354
126.7752503953748828, 37.2448079953834608
126.7752509608886413, 37.2447922165983059
126.7752514166324431, 37.2447755705763228
126.7752518723758186, 37.2447589245542900
126.7752524543455195, 37.2447441193984616
126.7752530365797412, 37.2447293052353103
126.7752536659167646, 37.2447105896648054
126.7752542952532195, 37.2446918740942436
126.7752549412036700, 37.2446752767084064
126.7752555874185987, 37.2446586703152747
126.7752561880531204, 37.2446428471287732
126.7752567884223254, 37.2446270329494666
126.7752573338322151, 37.2446134707929133
126.7752578902435374, 37.2445999178553606
126.7752584724574803, 37.2445843376524621
126.7752590544060922, 37.2445687664567728
126.7752596454850504, 37.2445525014914551
126.7752602365635823, 37.2445362365260877
126.7752609724352197, 37.2445161981606248
126.7752617083061608, 37.2444961597950837
126.7752625142845488, 37.2444756541116462
126.7752633199973076, 37.2444551574353611
126.7752640043347867, 37.2444364879589358
126.7752646999383614, 37.2444178186942523
126.7752653361870330, 37.2444004010129177
126.7752659724352071, 37.2443829833315192
126.7752665546097717, 37.2443658710492826
126.7752671370487718, 37.2443487497597374
126.7752679828808198, 37.2443265054656862
126.7752688287120577, 37.2443042611715569
126.7752693251984795, 37.2442904457523767
126.7752698101531053, 37.2442766391286355
126.7752705359330605, 37.2442561769980856
126.7752712617123478, 37.2442357148674361
126.7752721108599445, 37.2442137410020138
126.7752729484752052, 37.2441917759319523
126.7752736886977090, 37.2441712059258876
126.7752744179177995, 37.2441506267007298
126.7752749829916610, 37.2441337123653042
126.7752755593317033, 37.2441167982416061
126.7752762246760341, 37.2440968576835232
126.7752768902846583, 37.2440769081181173
126.7752774197196857, 37.2440608222372305
126.7752779378877221, 37.2440447361445379
126.7752786765503714, 37.2440257522601073
126.7752794036809263, 37.2440067771711014
126.7752799764500935, 37.2439903676644875
126.7752805492188060, 37.2439739581578309
126.7752811162111755, 37.2439600449286914
126.7752816944697543, 37.2439461319112937
126.7752823078176903, 37.2439306424141492
126.7752829324317645, 37.2439151531287393
126.7752833924262319, 37.2438998950668321
126.7752838408888891, 37.2438846458003567
126.7752844175044231, 37.2438684887079958
126.7752849828529520, 37.2438523314038079
126.7752855231774589, 37.2438374083039747
126.7752860635016390, 37.2438224852041060
126.7752863468462721, 37.2438147670535358
