126.7733926767095483, 37.2396430603210860
126.7733883288560577, 37.2396368231792678
126.7733813580304485, 37.2396262558865772
126.7733766214380609, 37.2396190561353961
126.7733697158254245, 37.2396085711788416
126.7733652484243976, 37.2396018000659055
126.7733593486622823, 37.2395927579626687
126.7733531791823225, 37.2395833052349872
126.7733506982957863, 37.2395795094779274
126.7733470097038548, 37.2395738525070072
126.7733445395536620, 37.2395700749762568
126.7733404411486617, 37.2395637884520241
126.7733389194559379, 37.2395614887444708
126.7733350572382136, 37.2395556032012394
126.7733293604018741, 37.2395469434275626
126.7733262531335328, 37.2395422166391867
126.7733202329015825, 37.2395330551087866
126.7733166723476472, 37.2395276438757818
126.7733106193805952, 37.2395184456801687
126.7733078253063610, 37.2395141844068363
126.7733015240941654, 37.2395046120393687
126.7732980392230928, 37.2394993103763241
126.7732943495784497, 37.2394936894329049
126.7732874767253435, 37.2394832411369094
126.7732846606520241, 37.2394789614247230
126.7732779281611499, 37.2394687230499741
126.7732774966116835, 37.2394680660510247
126.7732677864853201, 37.2394532925815227
126.7732673114629591, 37.2394525806913279
126.7732583890236810, 37.2394390026413973
126.7732578710586751, 37.2394382178454748
126.7732528760369064, 37.2394306076774484
126.7732524117505477, 37.2394299140136269
126.7732473515203395, 37.2394222215085762
126.7732469527086749, 37.2394216011743211
126.7732373934239121, 37.2394070648580637
126.7732372855367231, 37.2394069006082944
126.7732263017209391, 37.2393902106058405
126.7732235830708873, 37.2393860679084767
126.7732205944382287, 37.2393815235938632
126.7732196019827029, 37.2393800088929510
126.7732139059673528, 37.2393713220926230
126.7732091592004906, 37.2393640860945752
126.7732078001414351, 37.2393620057384851
126.7732020936581421, 37.2393532917039991
126.7731962360812474, 37.2393443495209837
126.7731959985707562, 37.2393439935757584
126.7731854696476717, 37.2393279339713317
126.7731838084003329, 37.2393253973184244
126.7731746608061485, 37.2393114275006312
126.7731711330096971, 37.2393060529285407
126.7731643261943191, 37.2392956599413196
126.7731564622486218, 37.2392836519010331
126.7731535385679820, 37.2392791989290188
126.7731433553243789, 37.2392636505091659
126.7731406149467404, 37.2392594803645025
126.7731340453843814, 37.2392494523282949
126.7731325999138789, 37.2392472441744644
126.7731261379752112, 37.2392373893949653
126.7731223949422343, 37.2392316683073901
126.7731195686816505, 37.2392273523508095
126.7731116720126181, 37.2392153076430503
126.7731087271309320, 37.2392108092099363
126.7731068603206950, 37.2392079802972447
126.7731012722171613, 37.2391994577419752
126.7730981652416347, 37.2391947219410469
126.7730914005929890, 37.2391844288775715
126.7730909473102798, 37.2391837444323812
126.7730837618529733, 37.2391728125953918
126.7730813236700840, 37.2391690987463164
126.7730750233090333, 37.2391594993464281
126.7730714195816120, 37.2391540242083536
126.7730692081736095, 37.2391506480780592
126.7730623788537798, 37.2391402546617130
126.7730611059526353, 37.2391383111083982
126.7730565747219771, 37.2391314126119966
126.7730497561411198, 37.2391210374214410
126.7730497344047791, 37.2391210099758041
126.7730396472928902, 37.2391056436004746
126.7730396255565353, 37.2391056161548377
126.7730339507874646, 37.2390969748069409
126.7730282652840543, 37.2390883152323724
126.7730187602893324, 37.2390738520181657
126.7730077993642368, 37.2390571534144144
126.7729983158483122, 37.2390427266516397
126.7729928136532607, 37.2390343499033918
126.7729873114593886, 37.2390259731549094
126.7729817663243495, 37.2390175235004079
126.7729774621457608, 37.2390109537132332
126.7729692971311266, 37.2389984533358955
126.7729650901051173, 37.2389920295718611
126.7729570759227613, 37.2389797663495585
126.7729498166796560, 37.2389686618840230
126.7729465117100744, 37.2389637601337924
126.7729357444519280, 37.2389477591089459
126.7729278935637609, 37.2389360757396943
126.7729275476395827, 37.2389355735584502
126.7729176196146881, 37.2389216971837627
126.7729036250568555, 37.2389035175589171
126.7728936175103769, 37.2388908112755175
126.7728810979710516, 37.2388757505956605
126.7728685293918716, 37.2388615902144906
126.7728559610824561, 37.2388474208248539
126.7728420505568749, 37.2388332802517894
126.7728245086279912, 37.2388157548476286
126.7728069171263598, 37.2387999137945798
126.7727887174092274, 37.2387844398079082
126.7727792259644417, 37.2387771775993031
126.7727635765351692, 37.2387662036371907
126.7727440262434015, 37.2387537233261483
126.7727251777302229, 37.2387438247021549
126.7727138731533216, 37.2387384209378993
126.7726925465706245, 37.2387288451793879
126.7726760099226482, 37.2387212070590508
