126.7727666990965787, 37.2386444260967977
126.7727757729547875, 37.2386620445098515
126.7727848465519003, 37.2386796719295390
126.7727957808415340, 37.2387003354321706
126.7728068735232370, 37.2387205963639758
126.7728179549448697, 37.2387408570829095
126.7728272411645492, 37.2387566229692055
126.7728365161221973, 37.2387723886428859
126.7728508493769937, 37.2387959098868748
126.7728651823752841, 37.2388194401365595
126.7728795156473325, 37.2388429613774790
126.7728923647799917, 37.2388625253603678
126.7729052254500175, 37.2388820805467589
126.7729180745955944, 37.2389016445271750
126.7729328214256412, 37.2389241371370545
126.7729435245317688, 37.2389400197961606
126.7729521083580266, 37.2389528434832826
126.7729606919219947, 37.2389656761770738
126.7729729013331195, 37.2389843809655474
126.7729774204866686, 37.2389913062745350
126.7729855074365872, 37.2390037781458645
126.7729895454775573, 37.2390101987297371
126.7729952024759115, 37.2390186775252516
126.7730008110998767, 37.2390268850435504
126.7730062157454256, 37.2390355122984218
126.7730157504230419, 37.2390497327419538
126.7730267682083394, 37.2390664143903649
126.7730361602802844, 37.2390808844915639
126.7730419508882420, 37.2390894198721014
126.7730476748288879, 37.2390983054748901
126.7730576828155336, 37.2391136793730766
126.7730643371812249, 37.2391238892534915
126.7730690074450877, 37.2391310427078039
126.7730769105929625, 37.2391432497603105
126.7730828805344458, 37.2391522030753706
126.7730890352352304, 37.2391617726976918
126.7730914597664622, 37.2391655673998301
126.7730991207736224, 37.2391771931126740
126.7731058440708267, 37.2391873592265554
126.7731145488257027, 37.2392006718376223
126.7731193369258165, 37.2392080347881844
126.7731273038415907, 37.2392199906947852
126.7731339066680789, 37.2392300373816454
126.7731403125430063, 37.2392398820937274
126.7731484056421749, 37.2392521467886723
126.7731612823451428, 37.2392719275552579
126.7731720485009106, 37.2392883521140377
126.7731788915002653, 37.2392986646715372
126.7731916449576062, 37.2393180375659796
126.7732037101438607, 37.2393366675200781
126.7732100074873074, 37.2393459874774919
126.7732154092620931, 37.2393547138035217
126.7732217613472301, 37.2393640888635531
126.7732285541275559, 37.2393741931922406
126.7732339540507525, 37.2393829825682232
126.7732452326359294, 37.2393996150298747
126.7732549831754483, 37.2394149299950925
126.7732604663400906, 37.2394231892145058
126.7732654367096785, 37.2394308710162605
126.7732755200650132, 37.2394459849597936
126.7732854720769780, 37.2394613487739505
126.7732920656663111, 37.2394717107063613
126.7733020375662534, 37.2394863989762825
126.7733056320473253, 37.2394921893614992
126.7733091195694755, 37.2394974009519402
126.7733153448367176, 37.2395068727558183
126.7733242995010414, 37.2395205054811598
126.7733279853055848, 37.2395258740090682
126.7733368083619467, 37.2395397656122285
126.7733426116283795, 37.2395482561554232
126.7733466055912288, 37.2395542613357691
126.7733520698221810, 37.2395627815494450
126.7733583626953333, 37.2395722546229209
126.7733612036936535, 37.2395764536922371
126.7733733514004371, 37.2395945804971333
126.7733815003726647, 37.2396068642520746
126.7733879228773901, 37.2396165290193935
126.7733957157183085, 37.2396282743525049
126.7734027830353511, 37.2396386271660944
