126.7736291992018778, 37.2400047003228138
126.7736236297327110, 37.2399955560712357
126.7736181174622487, 37.2399871341006516
126.7736125617194318, 37.2399786572387654
126.7736043202899765, 37.2399660653445110
126.7736005769217371, 37.2399603532775956
126.7735979231771353, 37.2399563019317767
126.7735941905457224, 37.2399506080910783
126.7735897139599928, 37.2399437647158109
126.7735877724938263, 37.2399407902105750
126.7735832953791260, 37.2399339648495769
126.7735824969500271, 37.2399327512047904
126.7735824972150880, 37.2399327421975528
126.7735772329383792, 37.2399247034034602
126.7735768335913917, 37.2399241010846751
126.7735707928889184, 37.2399148670838400
126.7735685707017979, 37.2399114727354217
126.7735643098977505, 37.2399049578583003
126.7735620874461091, 37.2399015725170273
126.7735538565037956, 37.2398890078532858
126.7735473088367968, 37.2398789982757492
126.7735414833881862, 37.2398701107871091
126.7735356694719400, 37.2398612145028807
126.7735349032518428, 37.2398600555370223
126.7735291105436772, 37.2398512047125578
126.7735199410890061, 37.2398372074728812
126.7735199198824176, 37.2398371620128259
126.7735170286327246, 37.2398327547207373
