126.7752010317022240, 37.2416066100160634
126.7752011936852767, 37.2416014851035015
126.7752012796477032, 37.2415989452712211
126.7752021895633163, 37.2415760532928957
126.7752030882118106, 37.2415531611027006
126.7752038940985670, 37.2415311233303541
126.7752046999845277, 37.2415090855579649
126.7752054124024284, 37.2414860096224203
126.7752061138181858, 37.2414629244677471
126.7752067416850537, 37.2414404237253009
126.7752073698161013, 37.2414179139755106
126.7752082937812048, 37.2413953106518392
126.7752092062143561, 37.2413727161235570
126.7752100082272477, 37.2413496598960307
126.7752108102392725, 37.2413266036684192
126.7752116013905237, 37.2413039167378841
126.7752123928058268, 37.2412812208000119
126.7752132215857159, 37.2412580208796271
126.7752140613659861, 37.2412348301781577
126.7752148124818632, 37.2412119712624232
126.7752155520658590, 37.2411891211420709
126.7752163361839877, 37.2411662898831821
126.7752171200363875, 37.2411434676314386
126.7752178503474170, 37.2411209327645096
126.7752185919237888, 37.2410983981092514
126.7752195438480385, 37.2410759935789102
126.7752204957713786, 37.2410535890484695
126.7752211989206472, 37.2410315944043475
126.7752219020692053, 37.2410095997601118
126.7752227569560688, 37.2409866616840191
126.7752236228433418, 37.2409637328268133
126.7752244898073997, 37.2409415339802550
126.7752253680367716, 37.2409193353453460
126.7752261317134099, 37.2408956655639756
126.7752268951243479, 37.2408720047897432
126.7752277520883695, 37.2408474625755090
126.7752286090514247, 37.2408229203611540
126.7752294770147472, 37.2407983873657003
126.7752302689781345, 37.2407772054905877
126.7752310496746588, 37.2407560234036126
126.7752318413716921, 37.2407348505355671
126.7752326425848253, 37.2407125873666729
126.7752334550632156, 37.2406903244094352
126.7752343270127113, 37.2406664223443471
126.7752351876952019, 37.2406425200673965
126.7752360896959658, 37.2406172126593162
126.7752369806944586, 37.2405918960320790
126.7752378829580095, 37.2405665796165053
126.7752387112184635, 37.2405449297869211
126.7752395504793128, 37.2405232891762381
126.7752395504793128, 37.2405232891762381
126.7752403491406170, 37.2404999625155924
126.7752411365349872, 37.2404766356430628
126.7752419239285047, 37.2404533087704479
126.7752426611574350, 37.2404328378313707
126.7752434093868743, 37.2404123761112231
126.7752441466144404, 37.2403919051719896
126.7752448194421220, 37.2403720909149243
126.7752454925340828, 37.2403522676505219
126.7752461766265668, 37.2403324536050633
126.7752470867023362, 37.2403072544941978
126.7752480077782593, 37.2402820646022192
126.7752486390003952, 37.2402628984432553
126.7752492699571008, 37.2402437412914793
126.7752499011780998, 37.2402245751323662
126.7752502995389960, 37.2402060444646068
126.7752506978994660, 37.2401875137967835
126.7752510847286516, 37.2401689919243850
126.7752512185875986, 37.2401525561342766
126.7752513524463041, 37.2401361203441041
126.7752515161298277, 37.2401090867328222
126.7752516708454209, 37.2400838914476608
126.7752515864109313, 37.2400568621847370
126.7752515390477441, 37.2400442892344898
126.7752508006553001, 37.2400172657040116
126.7752507340618848, 37.2400149302848860
126.7752498979934472, 37.2399935285495616
126.7752486435703929, 37.2399752371821293
126.7752465822627812, 37.2399525687292297
126.7752434792548826, 37.2399273752964675
126.7752405076849840, 37.2399057621892453
126.7752369839419089, 37.2398837601894925
126.7752333559500073, 37.2398641534831611
126.7752288385445212, 37.2398418263901618
126.7752259525481122, 37.2398288035457270
126.7752220170119415, 37.2398123723753613
126.7752167562193790, 37.2397911758620523
126.7752139305854229, 37.2397803170869821
126.7752100723824213, 37.2397662395617104
126.7752086882701548, 37.2397611757089493
126.7752079315411606, 37.2397589264521827
126.7752079315411606, 37.2397589264521827
126.7752008346703434, 37.2397376864141521
126.7751928247317466, 37.2397164472376048
126.7751869807969030, 37.2397016654816255
126.7751795286926040, 37.2396844562440279
126.7751694849271189, 37.2396629985921450
126.7751591207248225, 37.2396432382276501
126.7751522699500555, 37.2396308798588365
126.7751454304433594, 37.2396185217014590
126.7751450127911426, 37.2396177748480213
126.7751360152244615, 37.2396036728137148
126.7751249726291718, 37.2395866664490711
126.7751140712161515, 37.2395706090213849
126.7751007254553741, 37.2395525770284337
126.7750878938715573, 37.2395366094875939
126.7750683311035260, 37.2395145673440169
126.7750683091014281, 37.2395145489059658
126.7750473039361765, 37.2394936422230671
126.7750249388028010, 37.2394733678647398
126.7750218536057929, 37.2394705701515250
126.7750049740572251, 37.2394565632723342
126.7749916999528068, 37.2394464453521223
126.7749795474260708, 37.2394372857861171
126.7749676867726407, 37.2394289337941018
126.7749552314130170, 37.2394204895112608
126.7749402359146131, 37.2394114116810897
126.7749189757056172, 37.2393984129191651
126.7749028972408780, 37.2393897473128845
126.7748827850282964, 37.2393794918190437
126.7748643257596370, 37.2393709076218116
126.7748489264852907, 37.2393644447483894
126.7748322501943079, 37.2393580930491410
126.7748134256898709, 37.2393511962769566
126.7747925168742995, 37.2393446478429340
126.7747665431667059, 37.2393370759252775
126.7747412662488529, 37.2393307247406113
126.7747172014360331, 37.2393257031120299
126.7746973336564906, 37.2393220851834599
126.7746740786958100, 37.2393186559120863
126.7746442896637689, 37.2393154823021106
126.7746146248371133, 37.2393130680471671
126.7745839335304652, 37.2393129776649090
126.7745568539425278, 37.2393134959155105
126.7745255423805872, 37.2393153314853933
126.7744965906976518, 37.2393177972131895
126.7744675963455592, 37.2393209470610103
126.7744378501138129, 37.2393255157085861
126.7744108582023870, 37.2393311004468899
126.7743862999940063, 37.2393374879679087
126.7743640426720617, 37.2393438286261897
126.7743466968707935, 37.2393498921334469
126.7743222094560593, 37.2393584709437278
126.7743003347900554, 37.2393667474022010
126.7742723700798564, 37.2393778112754248
126.7742420889736366, 37.2393898319405778
126.7742417354914153, 37.2393899694891672
126.7742117235692092, 37.2394024187829942
126.7741836404818656, 37.2394140571913823
126.7741536610138553, 37.2394265521416159
126.7741386767767011, 37.2394328042232914
126.7741236812712202, 37.2394390560911290
126.7740937130498509, 37.2394515512373303
126.7740840242842211, 37.2394555867547297
126.7740651904281037, 37.2394635688770066
126.7740463453022386, 37.2394715507842662
