126.7741464651279699, 37.2408309454354338
126.7741468851612296, 37.2408316112269517
126.7741523788625386, 37.2408402851666409
126.7741670168213801, 37.2408645870367181
126.7741795043844348, 37.2408853517222340
126.7741867767167037, 37.2408975558520012
126.7741940375201608, 37.2409097687767670
126.7742001380284051, 37.2409200402773095
126.7742072164581657, 37.2409323218695008
126.7742142836240049, 37.2409446032494742
126.7742202994449485, 37.2409550714254181
126.7742343573090551, 37.2409795516354478
126.7742479529972570, 37.2410032661256807
126.7742615300163180, 37.2410279986449453
126.7742684954108370, 37.2410406746459373
126.7742814469753654, 37.2410655936704984
126.7742887554127691, 37.2410796369672923
126.7743010938484645, 37.2411047066802539
126.7743134438231039, 37.2411297675967177
126.7743182936841464, 37.2411396370602930
126.7743296215012236, 37.2411649581332540
126.7743409380593249, 37.2411902789934146
126.7743444916334283, 37.2411982315129748
126.7743547493185474, 37.2412239109742842
126.7743644187659129, 37.2412481284051395
126.7743735322208352, 37.2412740026423279
126.7743826456815839, 37.2412998768789194
126.7743834047836060, 37.2413020450749315
126.7743914708979958, 37.2413282691181280
126.7743957312777354, 37.2413420838615252
126.7743994804313274, 37.2413552671482933
126.7744032408522941, 37.2413684506467888
126.7744054679448737, 37.2413762790874827
126.7744095024842892, 37.2414012196832118
126.7744134813817851, 37.2414280517999998
126.7744146740471365, 37.2414415384921895
126.7744158667128289, 37.2414550251843650
126.7744166946995392, 37.2414644314930428
126.7744179316741224, 37.2414913562475292
126.7744189107827708, 37.2415128688174732
126.7744192571589537, 37.2415263846574760
126.7744195922689414, 37.2415399002856233
126.7744196273916515, 37.2415502019204609
