126.7731761032813864, 37.2457926937510635
126.7731794044495928, 37.2457747584610672
126.7731794157164131, 37.2457747586730434
126.7731794157164131, 37.2457747586730434
126.7731804405079004, 37.2457686676699851
126.7731822686158409, 37.2457536696845963
126.7731830479525570, 37.2457428967218718
126.7731838011731895, 37.2457326279519947
126.7731844250694309, 37.2457152641328335
126.7731850542683247, 37.2456977201690265
126.7731856834667212, 37.2456801762051555
126.7731859797697922, 37.2456720257220510
126.7731863142555966, 37.2456625781978445
126.7731866053902365, 37.2456542203364478
126.7731866053902365, 37.2456542203364478
126.7731873739257935, 37.2456323260923483
126.7731880288426822, 37.2456139084269395
126.7731886732877200, 37.2455954635278061
126.7731894667460040, 37.2455727226038391
126.7731901232520926, 37.2455542508948412
126.7731906414852858, 37.2455393273984825
126.7731913983498941, 37.2455178294720213
126.7731920548543485, 37.2454993577628173
126.7731920654606057, 37.2454989974736179
126.7731925997321127, 37.2454839120589298
126.7731932586219443, 37.2454653592845233
126.7731939151248213, 37.2454468875751346
126.7731945750741716, 37.2454282987716709
126.7731953064800194, 37.2454076655388491
126.7731959360702660, 37.2453897250438573
126.7731966311486076, 37.2453703258014315
126.7731972615332126, 37.2453523582846131
126.7731979389799335, 37.2453331750036014
126.7731984914081664, 37.2453178556124200
126.7731986361777246, 37.2453137037031254
126.7731986361777246, 37.2453137037031254
126.7731993478235637, 37.2452941245277742
126.7732000463458775, 37.2452746081909893
126.7732007712481135, 37.2452545786539631
126.7732007712481135, 37.2452545786539631
126.7732014379508456, 37.2452361431847052
126.7732021102212201, 37.2452175185635213
126.7732027793091873, 37.2451990020290467
126.7732031478576715, 37.2451887800940824
126.7732038951602220, 37.2451683724649953
126.7732040835440586, 37.2451631218854260
126.7732043216327753, 37.2451580975464864
126.7732044781939038, 37.2451546938731468
126.7732051488444398, 37.2451407195264608
126.7732053100433802, 37.2451375412458461
126.7732054035027005, 37.2451355152548587
126.7732058743457770, 37.2451310089915140
126.7732068280939046, 37.2451219696551092
126.7732073112641018, 37.2451174275748045
126.7732081258249934, 37.2451100528802428
126.7732084622535922, 37.2451070491286131
126.7732087989429317, 37.2451048024083207
126.7732087989429317, 37.2451048024083207
126.7732097680516148, 37.2450983048067314
126.7732104120027401, 37.2450940451301733
126.7732121928547144, 37.2450860126991685
126.7732140631793953, 37.2450776214627126
126.7732144909281402, 37.2450757279321749
126.7732167141025030, 37.2450668386499331
126.7732193953780495, 37.2450561735669936
126.7732205711202056, 37.2450514642723860
126.7732209955521228, 37.2450500663514745
126.7732233842746155, 37.2450420633812342
126.7732263338242120, 37.2450322414818586
126.7732269967172698, 37.2450300189231669
126.7732296433778174, 37.2450224443799698
126.7732342592254753, 37.2450092472112217
126.7732352704604466, 37.2450066797296131
126.7732399720589171, 37.2449947819335421
126.7732437843688302, 37.2449851384855393
126.7732510512173718, 37.2449691974037407
126.7732543095841891, 37.2449626707737309
126.7732573900692898, 37.2449560596869986
126.7732640951486900, 37.2449438841552976
126.7732667632638766, 37.2449386441796548
126.7732702447065947, 37.2449325813692482
126.7732775870806847, 37.2449202015333256
126.7732859750074965, 37.2449067689133173
126.7732948341391932, 37.2448945618073992
126.7733015912881172, 37.2448848295645121
126.7733083893876085, 37.2448763868390600
126.7733158913268170, 37.2448670110716904
126.7733225063704197, 37.2448590425491446
126.7733269039820811, 37.2448540243661199
126.7733353389314885, 37.2448447382481405
126.7733459695672877, 37.2448332403821851
126.7733554419771735, 37.2448235592183892
126.7733611405595155, 37.2448176192260618
126.7733660423821220, 37.2448130881748583
126.7733762797300301, 37.2448030789356537
126.7733833455556010, 37.2447970294806012
126.7733884203527879, 37.2447923664992473
126.7733971415888021, 37.2447848431453394
126.7734017521931804, 37.2447813970926376
126.7734115005510205, 37.2447738299749318
126.7734198517022008, 37.2447673901356922
126.7734289729633730, 37.2447608296001391
126.7734362679559013, 37.2447558028338506
126.7734460825797385, 37.2447490480596173
126.7734593422921989, 37.2447405286132707
126.7734721619375762, 37.2447324064367677
126.7734819484530675, 37.2447266064260418
126.7734918927005481, 37.2447208093816968
126.7735031470638489, 37.2447141627966758
126.7735149908708934, 37.2447077886533577
126.7735227589191140, 37.2447039243447193
126.7735331921336979, 37.2446987493260409
126.7735481994865836, 37.2446917497615075
126.7735649967802942, 37.2446844504138355
126.7735770441722849, 37.2446795851346693
126.7735884998635498, 37.2446749069926000
126.7736064635817144, 37.2446685758636988
126.7736183930000351, 37.2446646546442111
126.7736272312402406, 37.2446619640239334
126.7736357253824906, 37.2446594742113604
126.7736461099388379, 37.2446563350291058
126.7736655723809349, 37.2446507891094001
126.7736811634614753, 37.2446469367606099
126.7737029358311815, 37.2446414252726967
126.7737233092764626, 37.2446367165914722
126.7737348761645251, 37.2446340051907470
126.7737459306168972, 37.2446310858812524
126.7737646950441786, 37.2446262748299333
126.7737766886039594, 37.2446232379983755
126.7737917686976630, 37.2446195112067784
126.7738162789817409, 37.2446128976316189
126.7738314712059520, 37.2446084249296092
126.7738379890320886, 37.2446064386631406
126.7738518158668484, 37.2446020123747630
126.7738667587586434, 37.2445964354875301
126.7738832010408885, 37.2445904722375118
126.7738981065484438, 37.2445846332886603
126.7739103756579198, 37.2445795107906363
126.7739227716147212, 37.2445742915426692
126.7739384657791248, 37.2445677013830192
126.7739539188315945, 37.2445604938553814
126.7739705577922678, 37.2445524434566906
126.7739810384088770, 37.2445471881791832
126.7739912637361499, 37.2445421804415417
126.7740021479597061, 37.2445366173252381
126.7740121276686693, 37.2445311453429824
126.7740232227708361, 37.2445249282985955
126.7740307486055116, 37.2445204826182916
126.7740416499164269, 37.2445139555118843
126.7740517107368134, 37.2445080254283667
126.7740661562500719, 37.2444986630402610
126.7740810404940959, 37.2444889484126094
126.7740930211293744, 37.2444806031067372
126.7741084655081778, 37.2444694750787590
126.7741209190662488, 37.2444603816373743
126.7741307763978966, 37.2444525551533943
126.7741385574954904, 37.2444463298466388
126.7741451542745921, 37.2444408933667148
126.7741567386963482, 37.2444310716106415
126.7741634684169014, 37.2444253312142237
126.7741778295690978, 37.2444119387622408
126.7741866284841876, 37.2444036868188206
126.7741919444403038, 37.2443984876035472
126.7742013395472611, 37.2443891293553335
126.7742085633901752, 37.2443819202441517
126.7742193548773031, 37.2443706956877278
126.7742276059520208, 37.2443615232041623
126.7742486079331883, 37.2443369813374474
126.7742521717291595, 37.2443327134770215
126.7742564768594775, 37.2443273871030698
126.7742704494406922, 37.2443099588685982
126.7742798676982972, 37.2442978973824310
126.7742890966693636, 37.2442853727125467
126.7742988107537911, 37.2442716855755194
126.7743072803498308, 37.2442592998318673
126.7743143100797454, 37.2442479594656461
126.7743202694938560, 37.2442381310497552
126.7743249844223925, 37.2442296040280496
126.7743334624519207, 37.2442130998552443
126.7743414939170776, 37.2441960645753909
126.7743461367126940, 37.2441853912873171
126.7743510374347835, 37.2441736143458186
126.7743532339672896, 37.2441679238769012
126.7743535895844218, 37.2441669482318218
126.7743575110488052, 37.2441562703911941
126.7743604511525319, 37.2441482957877525
126.7743606106035941, 37.2441478571872224
126.7743638161828557, 37.2441381392046011
126.7743638161828557, 37.2441381392046011
126.7743672203120298, 37.2441278031120930
126.7743674121013129, 37.2441270316674107
126.7743674121013129, 37.2441270316674107
126.7743704234727176, 37.2441151020380588
126.7743734991261420, 37.2441029032506634
126.7743741681998699, 37.2441000859941767
126.7743761108726375, 37.2440919123898126
126.7743773726749623, 37.2440865738445339
126.7743783498972903, 37.2440813290823840
126.7743813404097750, 37.2440651272667935
126.7743831507804799, 37.2440553199620794
126.7743833657610253, 37.2440541434034387
126.7743845674785916, 37.2440450997046284
126.7743862178351435, 37.2440326848585030
126.7743866102780288, 37.2440296911678743
126.7743876904309843, 37.2440190319951796
126.7743892284892979, 37.2440039203826601
126.7743892284892979, 37.2440039203826601
126.7743896703584170, 37.2439996298613138
126.7743900651613842, 37.2439942569881950
126.7743905654586598, 37.2439875973509160
126.7743905654586598, 37.2439875973509160
